Al,Cu,Zr,Dmax_pred
0.0,0.0,1.0,2.5209498405456543
0.0,0.01,0.99,1.2521071434020996
0.0,0.02,0.98,1.2429882287979126
0.0,0.03,0.97,1.2351832389831543
0.0,0.04,0.96,1.2284027338027954
0.0,0.05,0.95,1.2225420475006104
0.0,0.06,0.94,1.217543601989746
0.0,0.07,0.9299999999999999,1.2133662700653076
0.0,0.08,0.92,1.2099733352661133
0.0,0.09,0.91,1.2073304653167725
0.0,0.1,0.9,1.2054059505462646
0.0,0.11,0.89,1.2041728496551514
0.0,0.12,0.88,1.203606128692627
0.0,0.13,0.87,1.2036869525909424
0.0,0.14,0.86,1.2044001817703247
0.0,0.15,0.85,1.2057373523712158
0.0,0.16,0.84,1.2076927423477173
0.0,0.17,0.83,1.2102665901184082
0.0,0.18,0.8200000000000001,1.2134637832641602
0.0,0.19,0.81,1.2172927856445312
0.0,0.2,0.8,1.2217658758163452
0.0,0.21,0.79,1.2268977165222168
0.0,0.22,0.78,1.232706904411316
0.0,0.23,0.77,1.2392122745513916
0.0,0.24,0.76,1.2464338541030884
0.0,0.25,0.75,1.254393458366394
0.0,0.26,0.74,1.2631107568740845
0.0,0.27,0.73,1.2726027965545654
0.0,0.28,0.72,1.282885193824768
0.0,0.29,0.71,1.293968915939331
0.0,0.3,0.7,1.3058600425720215
0.0,0.31,0.69,1.3185553550720215
0.0,0.32,0.6799999999999999,1.3320459127426147
0.0,0.33,0.6699999999999999,1.3463129997253418
0.0,0.34,0.6599999999999999,1.3613245487213135
0.0,0.35000000000000003,0.6499999999999999,1.3770403861999512
0.0,0.36,0.64,1.3934056758880615
0.0,0.37,0.63,1.4103541374206543
0.0,0.38,0.62,1.427807331085205
0.0,0.39,0.61,1.4456746578216553
0.0,0.4,0.6,1.4638558626174927
0.0,0.41000000000000003,0.59,1.4822452068328857
0.0,0.42,0.5800000000000001,1.5007293224334717
0.0,0.43,0.5700000000000001,1.5191930532455444
0.0,0.44,0.56,1.5375252962112427
0.0,0.45,0.55,1.5556164979934692
0.0,0.46,0.54,1.5733675956726074
0.0,0.47000000000000003,0.53,1.5906898975372314
0.0,0.48,0.52,1.6075067520141602
0.0,0.49,0.51,1.623760461807251
0.0,0.5,0.5,1.6394058465957642
0.0,0.51,0.49,1.6544184684753418
0.0,0.52,0.48,1.668788194656372
0.0,0.53,0.47,1.6825233697891235
0.0,0.54,0.45999999999999996,1.6956454515457153
0.0,0.55,0.44999999999999996,1.7081897258758545
0.0,0.56,0.43999999999999995,1.7202051877975464
0.0,0.5700000000000001,0.42999999999999994,1.7317497730255127
0.0,0.58,0.42000000000000004,1.7428916692733765
0.0,0.59,0.41000000000000003,1.753702998161316
0.0,0.6,0.4,1.7642651796340942
0.0,0.61,0.39,1.7746623754501343
0.0,0.62,0.38,1.7849845886230469
0.0,0.63,0.37,1.7953228950500488
0.0,0.64,0.36,1.8057715892791748
0.0,0.65,0.35,1.8164271116256714
0.0,0.66,0.33999999999999997,1.8273882865905762
0.0,0.67,0.32999999999999996,1.838753581047058
0.0,0.68,0.31999999999999995,1.8506228923797607
0.0,0.6900000000000001,0.30999999999999994,1.8630961179733276
0.0,0.7000000000000001,0.29999999999999993,1.8762727975845337
0.0,0.71,0.29000000000000004,1.8902500867843628
0.0,0.72,0.28,1.905120849609375
0.0,0.73,0.27,1.920973777770996
0.0,0.74,0.26,1.9378904104232788
0.0,0.75,0.25,1.9559406042099
0.0,0.76,0.24,1.9751803874969482
0.0,0.77,0.22999999999999998,1.9956514835357666
0.0,0.78,0.21999999999999997,2.017371892929077
0.0,0.79,0.20999999999999996,2.0403358936309814
0.0,0.8,0.19999999999999996,2.0645089149475098
0.0,0.81,0.18999999999999995,2.0898256301879883
0.0,0.8200000000000001,0.17999999999999994,2.1161859035491943
0.0,0.8300000000000001,0.16999999999999993,2.1434524059295654
0.0,0.84,0.16000000000000003,2.1714565753936768
0.0,0.85,0.15000000000000002,2.199993371963501
0.0,0.86,0.14,2.2288289070129395
0.0,0.87,0.13,2.2577056884765625
0.0,0.88,0.12,2.286345958709717
0.0,0.89,0.10999999999999999,2.3144595623016357
0.0,0.9,0.09999999999999998,2.3417482376098633
0.0,0.91,0.08999999999999997,2.3679087162017822
0.0,0.92,0.07999999999999996,2.3926312923431396
0.0,0.93,0.06999999999999995,2.4155964851379395
0.0,0.9400000000000001,0.05999999999999994,2.4364564418792725
0.0,0.9500000000000001,0.04999999999999993,2.45481276512146
0.0,0.96,0.040000000000000036,2.4701623916625977
0.0,0.97,0.030000000000000027,2.481797695159912
0.0,0.98,0.020000000000000018,2.488560676574707
0.0,0.99,0.010000000000000009,2.4880483150482178
0.0,1.0,0.0,1.1370744705200195
0.01,0.0,0.99,3.5123536586761475
0.01,0.01,0.98,1.4112447500228882
0.01,0.02,0.97,1.4153831005096436
0.01,0.03,0.96,1.4220038652420044
0.01,0.04,0.95,1.4311835765838623
0.01,0.05,0.94,1.443204402923584
0.010000000000000002,0.060000000000000005,0.93,1.4584405422210693
0.010000000000000002,0.07000000000000002,0.92,1.477324366569519
0.01,0.08,0.91,1.5003540515899658
0.01,0.09,0.9,1.52809476852417
0.01,0.1,0.89,1.5611927509307861
0.01,0.11,0.88,1.6003799438476562
0.01,0.12,0.87,1.6464818716049194
0.01,0.13,0.86,1.7004070281982422
0.01,0.14,0.85,1.7631323337554932
0.01,0.15,0.84,1.8356627225875854
0.01,0.16,0.83,1.9189752340316772
0.01,0.17,0.82,2.013925790786743
0.01,0.18,0.81,2.121129274368286
0.01,0.19,0.8,2.240816831588745
0.01,0.2,0.79,2.3726911544799805
0.01,0.21,0.78,2.515799045562744
0.01,0.22,0.77,2.6684494018554688
0.01,0.23,0.76,2.828235387802124
0.01,0.24,0.75,2.992145538330078
0.01,0.25,0.74,3.1567752361297607
0.01,0.26,0.73,3.318610906600952
0.01,0.27,0.72,3.474334955215454
0.01,0.28,0.71,3.621094226837158
0.01,0.29,0.7,3.756704330444336
0.01,0.3,0.69,3.8797457218170166
0.01,0.31,0.6799999999999999,3.9895567893981934
0.01,0.32,0.6699999999999999,4.086167335510254
0.01,0.33,0.6599999999999999,4.170151710510254
0.01,0.34,0.6499999999999999,4.242482662200928
0.01,0.35000000000000003,0.6399999999999999,4.3043670654296875
0.01,0.36,0.63,4.3571248054504395
0.01,0.37,0.62,4.402073383331299
0.01,0.38,0.61,4.440455436706543
0.01,0.39,0.6,4.473400592803955
0.01,0.4,0.59,4.501895427703857
0.01,0.41000000000000003,0.58,4.526774883270264
0.01,0.42,0.5700000000000001,4.548737049102783
0.01,0.43,0.56,4.5683488845825195
0.01,0.44,0.55,4.586063385009766
0.01,0.45,0.54,4.602237224578857
0.01,0.46,0.53,4.617153644561768
0.01,0.47000000000000003,0.52,4.6310224533081055
0.01,0.48,0.51,4.644017219543457
0.01,0.49,0.5,4.656266212463379
0.01,0.5,0.49,4.667868614196777
0.01,0.51,0.48,4.678908348083496
0.01,0.52,0.47,4.689454555511475
0.01,0.53,0.45999999999999996,4.699565887451172
0.01,0.54,0.44999999999999996,4.70929479598999
0.01,0.55,0.43999999999999995,4.718693733215332
0.01,0.56,0.42999999999999994,4.727809906005859
0.01,0.5700000000000001,0.41999999999999993,4.736691474914551
0.01,0.58,0.41000000000000003,4.745384216308594
0.01,0.59,0.4,4.753937244415283
0.01,0.6,0.39,4.762392520904541
0.01,0.61,0.38,4.770798683166504
0.01,0.62,0.37,4.779195785522461
0.01,0.63,0.36,4.787625312805176
0.01,0.64,0.35,4.796126842498779
0.01,0.65,0.33999999999999997,4.804731845855713
0.01,0.66,0.32999999999999996,4.813475131988525
0.01,0.67,0.31999999999999995,4.822379112243652
0.01,0.68,0.30999999999999994,4.831467628479004
0.01,0.6900000000000001,0.29999999999999993,4.840757846832275
0.01,0.7000000000000001,0.2899999999999999,4.850257396697998
0.01,0.71,0.28,4.859975814819336
0.01,0.72,0.27,4.869911193847656
0.01,0.73,0.26,4.880061149597168
0.01,0.74,0.25,4.890413284301758
0.01,0.75,0.24,4.90095329284668
0.01,0.76,0.22999999999999998,4.9116644859313965
0.01,0.77,0.21999999999999997,4.9225239753723145
0.01,0.78,0.20999999999999996,4.933505535125732
0.01,0.79,0.19999999999999996,4.944583415985107
0.01,0.8,0.18999999999999995,4.9557318687438965
0.01,0.81,0.17999999999999994,4.966925621032715
0.01,0.8200000000000001,0.16999999999999993,4.978139400482178
0.01,0.8300000000000001,0.15999999999999992,4.989354133605957
0.01,0.84,0.15000000000000002,5.000553131103516
0.01,0.85,0.14,5.011730194091797
0.01,0.86,0.13,5.022881984710693
0.01,0.87,0.12,5.034018039703369
0.01,0.88,0.10999999999999999,5.0451555252075195
0.01,0.89,0.09999999999999998,5.056328296661377
0.01,0.9,0.08999999999999997,5.0675787925720215
0.01,0.91,0.07999999999999996,5.0789642333984375
0.01,0.92,0.06999999999999995,5.090563774108887
0.01,0.93,0.05999999999999994,5.102473258972168
0.01,0.9400000000000001,0.04999999999999993,5.114819526672363
0.01,0.9500000000000001,0.039999999999999925,5.127761363983154
0.01,0.96,0.030000000000000027,5.141521453857422
0.01,0.97,0.020000000000000018,5.156426906585693
0.01,0.98,0.010000000000000009,5.173080921173096
0.01,0.99,0.0,4.5520830154418945
0.02,0.0,0.98,3.4395575523376465
0.02,0.01,0.97,1.3924179077148438
0.02,0.02,0.96,1.3953912258148193
0.02,0.03,0.95,1.4013761281967163
0.02,0.04,0.94,1.4103699922561646
0.02,0.05,0.9299999999999999,1.4226168394088745
0.020000000000000004,0.060000000000000005,0.92,1.4384679794311523
0.020000000000000004,0.07000000000000002,0.91,1.4583522081375122
0.02,0.08,0.9,1.4827759265899658
0.02,0.09,0.89,1.5123330354690552
0.02,0.1,0.88,1.5477099418640137
0.02,0.11,0.87,1.5896937847137451
0.02,0.12,0.86,1.6391711235046387
0.02,0.13,0.85,1.6971232891082764
0.02,0.14,0.84,1.7645879983901978
0.02,0.15,0.83,1.8426220417022705
0.02,0.16,0.82,1.9322136640548706
0.02,0.17,0.8099999999999999,2.034176826477051
0.02,0.18,0.8,2.1490089893341064
0.02,0.19,0.79,2.276728868484497
0.02,0.2,0.78,2.4167332649230957
0.02,0.21,0.77,2.5676705837249756
0.02,0.22,0.76,2.727409839630127
0.02,0.23,0.75,2.8931045532226562
0.02,0.24,0.74,3.0613715648651123
0.02,0.25,0.73,3.2285566329956055
0.02,0.26,0.72,3.3910555839538574
0.02,0.27,0.71,3.545628547668457
0.02,0.28,0.7,3.689643621444702
0.02,0.29,0.69,3.8212318420410156
0.02,0.3,0.6799999999999999,3.9393372535705566
0.02,0.31,0.6699999999999999,4.043667316436768
0.02,0.32,0.6599999999999999,4.134571075439453
0.02,0.33,0.6499999999999999,4.212885856628418
0.02,0.34,0.6399999999999999,4.279771327972412
0.02,0.35000000000000003,0.6299999999999999,4.336558818817139
0.02,0.36,0.62,4.3846306800842285
0.02,0.37,0.61,4.425323486328125
0.02,0.38,0.6,4.459868431091309
0.02,0.39,0.59,4.489360809326172
0.02,0.4,0.58,4.514744281768799
0.02,0.41000000000000003,0.57,4.536808967590332
0.02,0.42,0.56,4.556205749511719
0.02,0.43,0.55,4.573459625244141
0.02,0.44,0.54,4.588985919952393
0.02,0.45,0.53,4.603111743927002
0.02,0.46,0.52,4.616091728210449
0.02,0.47000000000000003,0.51,4.628121852874756
0.02,0.48,0.5,4.6393537521362305
0.02,0.49,0.49,4.649906158447266
0.02,0.5,0.48,4.659873962402344
0.02,0.51,0.47,4.669336795806885
0.02,0.52,0.45999999999999996,4.678360462188721
0.02,0.53,0.44999999999999996,4.68700647354126
0.02,0.54,0.43999999999999995,4.6953301429748535
0.02,0.55,0.42999999999999994,4.703387260437012
0.02,0.56,0.41999999999999993,4.711231708526611
0.02,0.5700000000000001,0.4099999999999999,4.718915939331055
0.02,0.58,0.4,4.726495265960693
0.02,0.59,0.39,4.734023094177246
0.02,0.6,0.38,4.741552352905273
0.02,0.61,0.37,4.7491350173950195
0.02,0.62,0.36,4.756820201873779
0.02,0.63,0.35,4.7646565437316895
0.02,0.64,0.33999999999999997,4.772686004638672
0.02,0.65,0.32999999999999996,4.780951499938965
0.02,0.66,0.31999999999999995,4.78948450088501
0.02,0.67,0.30999999999999994,4.7983198165893555
0.02,0.68,0.29999999999999993,4.807478904724121
0.02,0.6900000000000001,0.2899999999999999,4.816977024078369
0.02,0.7000000000000001,0.2799999999999999,4.826828479766846
0.02,0.71,0.27,4.837034702301025
0.02,0.72,0.26,4.847594261169434
0.02,0.73,0.25,4.858493804931641
0.02,0.74,0.24,4.869714736938477
0.02,0.75,0.22999999999999998,4.881232261657715
0.02,0.76,0.21999999999999997,4.893014430999756
0.02,0.77,0.20999999999999996,4.905024528503418
0.02,0.78,0.19999999999999996,4.917219161987305
0.02,0.79,0.18999999999999995,4.929554462432861
0.02,0.8,0.17999999999999994,4.941981315612793
0.02,0.81,0.16999999999999993,4.954453945159912
0.02,0.8200000000000001,0.15999999999999992,4.966925144195557
0.02,0.8300000000000001,0.1499999999999999,4.979352951049805
0.02,0.84,0.14,4.991701126098633
0.02,0.85,0.13,5.003940582275391
0.02,0.86,0.12,5.016054153442383
0.02,0.87,0.10999999999999999,5.028031826019287
0.02,0.88,0.09999999999999998,5.039883613586426
0.02,0.89,0.08999999999999997,5.051635265350342
0.02,0.9,0.07999999999999996,5.063324928283691
0.02,0.91,0.06999999999999995,5.075017929077148
0.02,0.92,0.05999999999999994,5.0868024826049805
0.02,0.93,0.04999999999999993,5.098794937133789
0.02,0.9400000000000001,0.039999999999999925,5.111147880554199
0.02,0.9500000000000001,0.029999999999999916,5.124079704284668
0.02,0.96,0.020000000000000018,5.137899875640869
0.02,0.97,0.010000000000000009,5.153161525726318
0.02,0.98,0.0,4.5189008712768555
0.03,0.0,0.97,3.3751540184020996
0.03,0.01,0.96,1.3748255968093872
0.03,0.02,0.95,1.3771940469741821
0.03,0.03,0.94,1.3830498456954956
0.03,0.04,0.9299999999999999,1.3923089504241943
0.030000000000000002,0.05000000000000001,0.92,1.405173659324646
0.030000000000000002,0.060000000000000005,0.91,1.4219776391983032
0.030000000000000002,0.07000000000000002,0.9,1.443152904510498
0.03,0.08,0.89,1.469223976135254
0.03,0.09,0.88,1.500818133354187
0.03,0.1,0.87,1.538672924041748
0.03,0.11,0.86,1.5836354494094849
0.03,0.12,0.85,1.63666570186615
0.03,0.13,0.84,1.698813796043396
0.03,0.14,0.83,1.7711821794509888
0.03,0.15,0.82,1.8548684120178223
0.03,0.16,0.8099999999999999,1.9508605003356934
0.03,0.17,0.7999999999999999,2.0599138736724854
0.03,0.18,0.79,2.182377815246582
0.03,0.19,0.78,2.318039894104004
0.03,0.2,0.77,2.4659581184387207
0.03,0.21,0.76,2.624380350112915
0.03,0.22,0.75,2.7907490730285645
0.03,0.23,0.74,2.9618093967437744
0.03,0.24,0.73,3.133861780166626
0.03,0.25,0.72,3.303067445755005
0.03,0.26,0.71,3.465801477432251
0.03,0.27,0.7,3.618942975997925
0.03,0.28,0.69,3.7601020336151123
0.030000000000000002,0.29000000000000004,0.68,3.887727737426758
0.030000000000000002,0.30000000000000004,0.67,4.001104831695557
0.030000000000000002,0.31000000000000005,0.66,4.100259304046631
0.030000000000000002,0.32000000000000006,0.65,4.185819625854492
0.030000000000000002,0.33000000000000007,0.64,4.2588372230529785
0.030000000000000002,0.3400000000000001,0.63,4.320623874664307
0.030000000000000002,0.3500000000000001,0.62,4.372603893280029
0.03,0.36,0.61,4.416202068328857
0.03,0.37,0.6,4.452768802642822
0.03,0.38,0.59,4.483518123626709
0.03,0.39,0.58,4.509515285491943
0.03,0.4,0.57,4.531667232513428
0.03,0.41000000000000003,0.5599999999999999,4.5507283210754395
0.03,0.42,0.55,4.567310810089111
0.03,0.43,0.54,4.581907272338867
0.03,0.44,0.53,4.594906806945801
0.03,0.45,0.52,4.6066131591796875
0.03,0.46,0.51,4.617263317108154
0.03,0.47000000000000003,0.49999999999999994,4.627039432525635
0.03,0.48,0.49,4.636087417602539
0.03,0.49,0.48,4.644521713256836
0.03,0.5,0.47,4.652433395385742
0.03,0.51,0.45999999999999996,4.659903049468994
0.03,0.52,0.44999999999999996,4.6670002937316895
0.03,0.53,0.43999999999999995,4.673790454864502
0.03,0.54,0.42999999999999994,4.680334568023682
0.03,0.55,0.41999999999999993,4.6866960525512695
0.03,0.56,0.4099999999999999,4.692933559417725
0.03,0.5700000000000001,0.3999999999999999,4.699109077453613
0.03,0.58,0.39,4.705284595489502
0.03,0.59,0.38,4.711520671844482
0.03,0.6,0.37,4.717877388000488
0.03,0.61,0.36,4.724414348602295
0.03,0.62,0.35,4.7311882972717285
0.03,0.63,0.33999999999999997,4.73825216293335
0.03,0.64,0.32999999999999996,4.745656490325928
0.03,0.65,0.31999999999999995,4.753448009490967
0.03,0.66,0.30999999999999994,4.7616658210754395
0.03,0.67,0.29999999999999993,4.770341396331787
0.03,0.68,0.2899999999999999,4.779504299163818
0.03,0.6900000000000001,0.2799999999999999,4.789172649383545
0.03,0.7000000000000001,0.2699999999999999,4.799356460571289
0.03,0.71,0.26,4.810059547424316
0.03,0.72,0.25,4.821271896362305
0.03,0.73,0.24,4.832977294921875
0.03,0.74,0.22999999999999998,4.845149517059326
0.03,0.75,0.21999999999999997,4.857752799987793
0.03,0.76,0.20999999999999996,4.870741367340088
0.03,0.77,0.19999999999999996,4.884061813354492
0.03,0.78,0.18999999999999995,4.897653102874756
0.03,0.79,0.17999999999999994,4.911448001861572
0.03,0.8,0.16999999999999993,4.9253764152526855
0.03,0.81,0.15999999999999992,4.939366340637207
0.03,0.8200000000000001,0.1499999999999999,4.953345775604248
0.03,0.8300000000000001,0.1399999999999999,4.967245578765869
0.03,0.84,0.13,4.9810028076171875
0.03,0.85,0.12,4.994564533233643
0.03,0.86,0.10999999999999999,5.0078911781311035
0.03,0.87,0.09999999999999998,5.020955562591553
0.03,0.88,0.08999999999999997,5.03375244140625
0.03,0.89,0.07999999999999996,5.046295166015625
0.03,0.9,0.06999999999999995,5.058625221252441
0.03,0.91,0.05999999999999994,5.070806980133057
0.03,0.92,0.04999999999999993,5.082944869995117
0.03,0.93,0.039999999999999925,5.095181941986084
0.03,0.9400000000000001,0.029999999999999916,5.10771369934082
0.03,0.9500000000000001,0.019999999999999907,5.120840072631836
0.03,0.96,0.010000000000000009,5.135067462921143
0.03,0.97,0.0,4.4885969161987305
0.04,0.0,0.96,3.3172032833099365
0.04,0.01,0.95,1.3584011793136597
0.04,0.02,0.94,1.3606164455413818
0.04,0.03,0.9299999999999999,1.3667323589324951
0.04000000000000001,0.04000000000000001,0.92,1.376589298248291
0.04000000000000001,0.05000000000000001,0.91,1.3903576135635376
0.04000000000000001,0.060000000000000005,0.9,1.4083616733551025
0.04000000000000001,0.07000000000000002,0.89,1.4310461282730103
0.04,0.08,0.88,1.45896577835083
0.04,0.09,0.87,1.492794156074524
0.04,0.1,0.86,1.5333260297775269
0.04,0.11,0.85,1.58148193359375
0.04,0.12,0.84,1.6382968425750732
0.04,0.13,0.83,1.7048976421356201
0.04,0.14,0.82,1.7824541330337524
0.04,0.15,0.8099999999999999,1.8721017837524414
0.04,0.16,0.7999999999999999,1.9748159646987915
0.04,0.17,0.7899999999999999,2.0912766456604004
0.04,0.18,0.78,2.221668004989624
0.04,0.19,0.77,2.365509510040283
0.04,0.2,0.76,2.5215117931365967
0.04,0.21,0.75,2.6875088214874268
0.04,0.22,0.74,2.860508441925049
0.04,0.23,0.73,3.036877155303955
0.04,0.24,0.72,3.212628126144409
0.04,0.25,0.71,3.3837878704071045
0.04,0.26,0.7,3.5467312335968018
0.04,0.27,0.69,3.69848895072937
0.04,0.28,0.6799999999999999,3.8369157314300537
0.04000000000000001,0.29000000000000004,0.67,3.960768699645996
0.04000000000000001,0.30000000000000004,0.66,4.06964635848999
0.04000000000000001,0.31000000000000005,0.65,4.163869380950928
0.04000000000000001,0.32000000000000006,0.64,4.244314193725586
0.04000000000000001,0.33000000000000007,0.63,4.31221866607666
0.04000000000000001,0.3400000000000001,0.62,4.3690266609191895
0.04000000000000001,0.3500000000000001,0.61,4.4162445068359375
0.04,0.36,0.6,4.45533561706543
0.04,0.37,0.59,4.487656593322754
0.04,0.38,0.58,4.514414310455322
0.04,0.39,0.57,4.536649703979492
0.04,0.4,0.5599999999999999,4.555241107940674
0.04,0.41000000000000003,0.5499999999999999,4.570914268493652
0.04,0.42,0.54,4.584253787994385
0.04,0.43,0.53,4.595729351043701
0.04,0.44,0.52,4.605709552764893
0.04,0.45,0.51,4.614485263824463
0.04,0.46,0.49999999999999994,4.62228536605835
0.04,0.47000000000000003,0.48999999999999994,4.6292829513549805
0.04,0.48,0.48,4.635622978210449
0.04,0.49,0.47,4.641420841217041
0.04,0.5,0.45999999999999996,4.64677095413208
0.04,0.51,0.44999999999999996,4.651758670806885
0.04,0.52,0.43999999999999995,4.656460762023926
0.04,0.53,0.42999999999999994,4.660949230194092
0.04,0.54,0.41999999999999993,4.665293216705322
0.04,0.55,0.4099999999999999,4.669562816619873
0.04,0.56,0.3999999999999999,4.673825263977051
0.04,0.5700000000000001,0.3899999999999999,4.678151607513428
0.04,0.58,0.38,4.682610034942627
0.04,0.59,0.37,4.687270164489746
0.04,0.6,0.36,4.692196369171143
0.04,0.61,0.35,4.697455883026123
0.04,0.62,0.33999999999999997,4.703110694885254
0.04,0.63,0.32999999999999996,4.709221363067627
0.04,0.64,0.31999999999999995,4.715842247009277
0.04,0.65,0.30999999999999994,4.723023414611816
0.04,0.66,0.29999999999999993,4.730810642242432
0.04,0.67,0.2899999999999999,4.739238262176514
0.04,0.68,0.2799999999999999,4.748336315155029
0.04,0.6900000000000001,0.2699999999999999,4.758126735687256
0.04,0.7000000000000001,0.2599999999999999,4.768619060516357
0.04,0.71,0.25,4.779813766479492
0.04,0.72,0.24,4.791700839996338
0.04,0.73,0.22999999999999998,4.804257869720459
0.04,0.74,0.21999999999999997,4.817449569702148
0.04,0.75,0.20999999999999996,4.8312296867370605
0.04,0.76,0.19999999999999996,4.845541000366211
0.04,0.77,0.18999999999999995,4.860309600830078
0.04,0.78,0.17999999999999994,4.875457763671875
0.04,0.79,0.16999999999999993,4.890894412994385
0.04,0.8,0.15999999999999992,4.906523704528809
0.04,0.81,0.1499999999999999,4.922243118286133
0.04,0.8200000000000001,0.1399999999999999,4.937952041625977
0.04,0.8300000000000001,0.1299999999999999,4.953548908233643
0.04,0.84,0.12,4.968943119049072
0.04,0.85,0.10999999999999999,4.984049320220947
0.04,0.86,0.09999999999999998,4.998800754547119
0.04,0.87,0.08999999999999997,5.013149738311768
0.04,0.88,0.07999999999999996,5.027069568634033
0.04,0.89,0.06999999999999995,5.040565013885498
0.04,0.9,0.05999999999999994,5.053673267364502
0.04,0.91,0.04999999999999993,5.066464900970459
0.04,0.92,0.039999999999999925,5.079061031341553
0.04,0.93,0.029999999999999916,5.091641902923584
0.04,0.9400000000000001,0.019999999999999907,5.104479789733887
0.04,0.9500000000000001,0.009999999999999898,5.118034839630127
0.04,0.96,0.0,4.460146427154541
0.05,0.0,0.95,3.2649099826812744
0.05,0.01,0.94,1.3432074785232544
0.05,0.02,0.9299999999999999,1.345638394355774
0.05000000000000001,0.030000000000000002,0.92,1.3523166179656982
0.05000000000000001,0.04000000000000001,0.91,1.3630237579345703
0.05000000000000001,0.05000000000000001,0.9,1.3779103755950928
0.05000000000000001,0.060000000000000005,0.89,1.3973067998886108
0.05000000000000001,0.07000000000000002,0.88,1.4216810464859009
0.05,0.08,0.87,1.4516295194625854
0.05,0.09,0.86,1.4878828525543213
0.05,0.1,0.85,1.5313068628311157
0.05,0.11,0.84,1.5829018354415894
0.05,0.12,0.83,1.6437900066375732
0.05,0.13,0.82,1.7151840925216675
0.05,0.14,0.8099999999999999,1.7983224391937256
0.05,0.15,0.7999999999999999,1.8943780660629272
0.05,0.16,0.7899999999999999,2.004314661026001
0.05,0.17,0.7799999999999999,2.128720760345459
0.05,0.18,0.77,2.267594337463379
0.05,0.19,0.76,2.4201719760894775
0.05,0.2,0.75,2.584784984588623
0.05,0.21,0.74,2.7588369846343994
0.05,0.22,0.73,2.9388973712921143
0.05,0.23,0.72,3.1209523677825928
0.05,0.24,0.71,3.300745725631714
0.05,0.25,0.7,3.4741711616516113
0.05,0.26,0.69,3.6376283168792725
0.05,0.27,0.6799999999999999,3.788295269012451
0.05,0.28,0.6699999999999999,3.9242749214172363
0.05000000000000001,0.29000000000000004,0.66,4.044611930847168
0.05000000000000001,0.30000000000000004,0.65,4.149209022521973
0.05000000000000001,0.31000000000000005,0.64,4.238663196563721
0.05000000000000001,0.32000000000000006,0.63,4.314079761505127
0.05000000000000001,0.33000000000000007,0.62,4.376877784729004
0.05000000000000001,0.3400000000000001,0.61,4.428626537322998
0.05000000000000001,0.3500000000000001,0.6,4.470909595489502
0.05,0.36,0.59,4.505234718322754
0.05,0.37,0.58,4.53297233581543
0.05,0.38,0.57,4.555324554443359
0.05,0.39,0.5599999999999999,4.57332181930542
0.05,0.4,0.5499999999999999,4.587821960449219
0.05,0.41000000000000003,0.5399999999999999,4.5995306968688965
0.05,0.42,0.53,4.609016418457031
0.05,0.43,0.52,4.616733551025391
0.05,0.44,0.51,4.623042106628418
0.05,0.45,0.49999999999999994,4.628228664398193
0.05,0.46,0.48999999999999994,4.632514953613281
0.05,0.47000000000000003,0.4799999999999999,4.636079788208008
0.05,0.48,0.47,4.639071464538574
0.05,0.49,0.45999999999999996,4.6416096687316895
0.05,0.5,0.44999999999999996,4.643801212310791
0.05,0.51,0.43999999999999995,4.645737171173096
0.05,0.52,0.42999999999999994,4.647504806518555
0.05,0.53,0.41999999999999993,4.649184703826904
0.05,0.54,0.4099999999999999,4.6508564949035645
0.05,0.55,0.3999999999999999,4.652598857879639
0.05,0.56,0.3899999999999999,4.654489994049072
0.05,0.5700000000000001,0.3799999999999999,4.6566033363342285
0.05,0.58,0.37,4.6590189933776855
0.05,0.59,0.36,4.661805629730225
0.05,0.6,0.35,4.665040016174316
0.05,0.61,0.33999999999999997,4.668792247772217
0.05,0.62,0.32999999999999996,4.673129558563232
0.05,0.63,0.31999999999999995,4.678112506866455
0.05,0.64,0.30999999999999994,4.683801651000977
0.05,0.65,0.29999999999999993,4.690252780914307
0.05,0.66,0.2899999999999999,4.697507858276367
0.05,0.67,0.2799999999999999,4.70560884475708
0.05,0.68,0.2699999999999999,4.714585781097412
0.05,0.6900000000000001,0.2599999999999999,4.724460601806641
0.05,0.7000000000000001,0.2499999999999999,4.735245227813721
0.05,0.71,0.24,4.746936321258545
0.05,0.72,0.22999999999999998,4.759522914886475
0.05,0.73,0.21999999999999997,4.772974967956543
0.05,0.74,0.20999999999999996,4.787253379821777
0.05,0.75,0.19999999999999996,4.8022990226745605
0.05,0.76,0.18999999999999995,4.818039417266846
0.05,0.77,0.17999999999999994,4.83438777923584
0.05,0.78,0.16999999999999993,4.851241588592529
0.05,0.79,0.15999999999999992,4.86848783493042
0.05,0.8,0.1499999999999999,4.885997295379639
0.05,0.81,0.1399999999999999,4.903641223907471
0.05,0.8200000000000001,0.1299999999999999,4.9212799072265625
0.05,0.8300000000000001,0.11999999999999988,4.938778877258301
0.05,0.84,0.10999999999999999,4.95600700378418
0.05,0.85,0.09999999999999998,4.972850799560547
0.05,0.86,0.08999999999999997,4.989205360412598
0.05,0.87,0.07999999999999996,5.004995346069336
0.05,0.88,0.06999999999999995,5.020176410675049
0.05,0.89,0.05999999999999994,5.034735679626465
0.05,0.9,0.04999999999999993,5.048707962036133
0.05,0.91,0.039999999999999925,5.062175273895264
0.05,0.92,0.029999999999999916,5.0752854347229
0.05,0.93,0.019999999999999907,5.0882792472839355
0.05,0.9400000000000001,0.009999999999999898,5.101563930511475
0.05,0.9500000000000001,0.0,4.432963848114014
0.06,0.0,0.94,3.217851161956787
0.060000000000000005,0.010000000000000002,0.93,1.3293107748031616
0.060000000000000005,0.020000000000000004,0.92,1.3322503566741943
0.060000000000000005,0.030000000000000002,0.91,1.339725136756897
0.060000000000000005,0.04000000000000001,0.9,1.351477026939392
0.060000000000000005,0.05000000000000001,0.89,1.3676525354385376
0.060000000000000005,0.060000000000000005,0.88,1.3886005878448486
0.060000000000000005,0.07000000000000002,0.87,1.414827823638916
0.06,0.08,0.86,1.446982741355896
0.06,0.09,0.85,1.4858657121658325
0.06,0.1,0.84,1.5324243307113647
0.06,0.11,0.83,1.5877525806427002
0.06,0.12,0.82,1.6530729532241821
0.06,0.13,0.8099999999999999,1.7296937704086304
0.06,0.14,0.7999999999999999,1.8189350366592407
0.060000000000000005,0.15000000000000002,0.79,1.922013521194458
0.060000000000000005,0.16000000000000003,0.78,2.0398828983306885
0.060000000000000005,0.17000000000000004,0.77,2.1730287075042725
0.06,0.18,0.76,2.3212532997131348
0.06,0.19,0.75,2.4834790229797363
0.06,0.2,0.74,2.657632827758789
0.06,0.21,0.73,2.840651512145996
0.06,0.22,0.72,3.0286452770233154
0.06,0.23,0.71,3.217195749282837
0.06,0.24,0.7,3.401761293411255
0.06,0.25,0.69,3.578097343444824
0.06,0.26,0.6799999999999999,3.7426185607910156
0.06,0.27,0.6699999999999999,3.8926520347595215
0.06,0.28,0.6599999999999999,4.026534080505371
0.060000000000000005,0.29000000000000004,0.65,4.143604278564453
0.060000000000000005,0.30000000000000004,0.64,4.2440571784973145
0.060000000000000005,0.31000000000000005,0.63,4.328765869140625
0.060000000000000005,0.32000000000000006,0.62,4.399067401885986
0.060000000000000005,0.33000000000000007,0.61,4.4565629959106445
0.060000000000000005,0.3400000000000001,0.6,4.502947807312012
0.060000000000000005,0.3500000000000001,0.59,4.5398969650268555
0.06,0.36,0.58,4.568964958190918
0.06,0.37,0.57,4.591547966003418
0.06,0.38,0.5599999999999999,4.6088547706604
0.06,0.39,0.5499999999999999,4.621912002563477
0.06,0.4,0.5399999999999999,4.631572246551514
0.06,0.41000000000000003,0.5299999999999999,4.6385297775268555
0.06,0.42,0.52,4.643349647521973
0.06,0.43,0.51,4.646481513977051
0.06,0.44,0.49999999999999994,4.648284912109375
0.06,0.45,0.48999999999999994,4.649049758911133
0.06,0.46,0.4799999999999999,4.6490044593811035
0.06,0.47000000000000003,0.4699999999999999,4.648340225219727
0.06,0.48,0.45999999999999996,4.647213459014893
0.06,0.49,0.44999999999999996,4.645758628845215
0.06,0.5,0.43999999999999995,4.6440911293029785
0.06,0.51,0.42999999999999994,4.6423187255859375
0.06,0.52,0.41999999999999993,4.640540599822998
0.06,0.53,0.4099999999999999,4.638848304748535
0.06,0.54,0.3999999999999999,4.637331485748291
0.06,0.55,0.3899999999999999,4.636078357696533
0.06,0.56,0.3799999999999999,4.635172367095947
0.06,0.5700000000000001,0.3699999999999999,4.634696960449219
0.060000000000000005,0.5800000000000001,0.36000000000000004,4.634732723236084
0.060000000000000005,0.5900000000000001,0.35000000000000003,4.635359764099121
0.060000000000000005,0.6000000000000001,0.34,4.636651515960693
0.060000000000000005,0.6100000000000001,0.33,4.638680934906006
0.060000000000000005,0.6200000000000001,0.32,4.6415181159973145
0.060000000000000005,0.6300000000000001,0.31,4.645224571228027
0.060000000000000005,0.6400000000000001,0.3,4.649862289428711
0.060000000000000005,0.6500000000000001,0.29,4.655485153198242
0.060000000000000005,0.6600000000000001,0.27999999999999997,4.662138938903809
0.060000000000000005,0.6700000000000002,0.26999999999999996,4.669862747192383
0.060000000000000005,0.6800000000000002,0.25999999999999995,4.678691864013672
0.060000000000000005,0.6900000000000002,0.24999999999999992,4.6886420249938965
0.060000000000000005,0.7000000000000002,0.2399999999999999,4.69972562789917
0.06,0.71,0.22999999999999998,4.711940765380859
0.06,0.72,0.21999999999999997,4.725269794464111
0.06,0.73,0.20999999999999996,4.739680767059326
0.06,0.74,0.19999999999999996,4.755122661590576
0.06,0.75,0.18999999999999995,4.771529674530029
0.06,0.76,0.17999999999999994,4.788816452026367
0.06,0.77,0.16999999999999993,4.806875228881836
0.06,0.78,0.15999999999999992,4.825582981109619
0.06,0.79,0.1499999999999999,4.844798564910889
0.06,0.8,0.1399999999999999,4.8643646240234375
0.06,0.81,0.1299999999999999,4.88411283493042
0.06,0.8200000000000001,0.11999999999999988,4.903867721557617
0.06,0.8300000000000001,0.10999999999999988,4.923451900482178
0.060000000000000005,0.8400000000000001,0.09999999999999999,4.942694187164307
0.060000000000000005,0.8500000000000001,0.08999999999999998,4.961435317993164
0.060000000000000005,0.8600000000000001,0.07999999999999997,4.979536056518555
0.060000000000000005,0.8700000000000001,0.06999999999999997,4.996889114379883
0.060000000000000005,0.8800000000000001,0.05999999999999995,5.0134196281433105
0.060000000000000005,0.8900000000000001,0.04999999999999994,5.029106140136719
0.060000000000000005,0.9000000000000001,0.03999999999999993,5.043977737426758
0.060000000000000005,0.9100000000000001,0.02999999999999992,5.058136463165283
0.060000000000000005,0.9200000000000002,0.01999999999999991,5.071774482727051
0.060000000000000005,0.9300000000000002,0.0099999999999999,5.085245132446289
0.06,0.9400000000000001,0.0,4.4066033363342285
0.07,0.0,0.9299999999999999,3.1757431030273438
0.07000000000000002,0.010000000000000002,0.92,1.3167481422424316
0.07000000000000002,0.020000000000000004,0.91,1.3204293251037598
0.07000000000000002,0.030000000000000002,0.9,1.3288824558258057
0.07000000000000002,0.04000000000000001,0.89,1.3418335914611816
0.07000000000000002,0.05000000000000001,0.88,1.3594416379928589
0.07000000000000002,0.060000000000000005,0.87,1.3820888996124268
0.07000000000000002,0.07000000000000002,0.86,1.4103294610977173
0.07,0.08,0.85,1.4448809623718262
0.07,0.09,0.84,1.486624002456665
0.07,0.1,0.83,1.53660249710083
0.07,0.11,0.82,1.596022367477417
0.07,0.12,0.8099999999999999,1.666221022605896
0.07,0.13,0.7999999999999999,1.7486236095428467
0.07,0.14,0.7899999999999999,1.8446482419967651
0.07000000000000002,0.15000000000000002,0.78,1.9555740356445312
0.07000000000000002,0.16000000000000003,0.77,2.0823469161987305
0.07000000000000002,0.17000000000000004,0.76,2.2253530025482178
0.07,0.18,0.75,2.3841745853424072
0.07,0.19,0.74,2.557389974594116
0.07,0.2,0.73,2.7424755096435547
0.07,0.21,0.72,2.935847759246826
0.07,0.22,0.71,3.1330983638763428
0.07,0.23,0.7,3.3293564319610596
0.07,0.24,0.69,3.5197582244873047
0.07,0.25,0.6799999999999999,3.6998963356018066
0.07,0.26,0.6699999999999999,3.8661837577819824
0.07,0.27,0.6599999999999999,4.016090393066406
0.07,0.28,0.6499999999999999,4.148201942443848
0.07000000000000002,0.29000000000000004,0.64,4.26215124130249
0.07000000000000002,0.30000000000000004,0.63,4.358445644378662
0.07000000000000002,0.31000000000000005,0.62,4.438247203826904
0.07000000000000002,0.32000000000000006,0.61,4.503134727478027
0.07000000000000002,0.33000000000000007,0.6,4.554901599884033
0.07000000000000002,0.3400000000000001,0.59,4.595386981964111
0.07000000000000002,0.3500000000000001,0.58,4.626358509063721
0.07,0.36,0.57,4.6494340896606445
0.07,0.37,0.5599999999999999,4.666042804718018
0.07,0.38,0.5499999999999999,4.677416801452637
0.07,0.39,0.5399999999999999,4.684587478637695
0.07,0.4,0.5299999999999999,4.688416957855225
0.07,0.41000000000000003,0.5199999999999999,4.689601421356201
0.07,0.42,0.51,4.688713073730469
0.07,0.43,0.49999999999999994,4.686215400695801
0.07,0.44,0.48999999999999994,4.682476997375488
0.07,0.45,0.4799999999999999,4.67780065536499
0.07,0.46,0.4699999999999999,4.6724371910095215
0.07,0.47000000000000003,0.4599999999999999,4.666592121124268
0.07,0.48,0.44999999999999996,4.660439491271973
0.07,0.49,0.43999999999999995,4.6541361808776855
0.07,0.5,0.42999999999999994,4.647812843322754
0.07,0.51,0.41999999999999993,4.641592979431152
0.07,0.52,0.4099999999999999,4.63559103012085
0.07,0.53,0.3999999999999999,4.629909515380859
0.07,0.54,0.3899999999999999,4.624650001525879
0.07,0.55,0.3799999999999999,4.619907379150391
0.07,0.56,0.3699999999999999,4.615773677825928
0.07,0.5700000000000001,0.3599999999999999,4.612331867218018
0.07000000000000002,0.5800000000000001,0.35000000000000003,4.609667778015137
0.07000000000000002,0.5900000000000001,0.34,4.607857704162598
0.07000000000000002,0.6000000000000001,0.33,4.606980800628662
0.07000000000000002,0.6100000000000001,0.32,4.607104301452637
0.07000000000000002,0.6200000000000001,0.31,4.60829496383667
0.07000000000000002,0.6300000000000001,0.3,4.6106157302856445
0.07000000000000002,0.6400000000000001,0.29,4.61412239074707
0.07000000000000002,0.6500000000000001,0.27999999999999997,4.61886739730835
0.07000000000000002,0.6600000000000001,0.26999999999999996,4.624891757965088
0.07000000000000002,0.6700000000000002,0.25999999999999995,4.632236480712891
0.07000000000000002,0.6800000000000002,0.24999999999999992,4.640929222106934
0.07000000000000002,0.6900000000000002,0.2399999999999999,4.65098762512207
0.07000000000000002,0.7000000000000002,0.2299999999999999,4.66241979598999
0.07,0.71,0.21999999999999997,4.6752214431762695
0.07,0.72,0.20999999999999996,4.689370155334473
0.07,0.73,0.19999999999999996,4.704829692840576
0.07,0.74,0.18999999999999995,4.721540927886963
0.07,0.75,0.17999999999999994,4.739429473876953
0.07,0.76,0.16999999999999993,4.758393287658691
0.07,0.77,0.15999999999999992,4.778307914733887
0.07,0.78,0.1499999999999999,4.7990264892578125
0.07,0.79,0.1399999999999999,4.820379734039307
0.07,0.8,0.1299999999999999,4.8421759605407715
0.07,0.81,0.11999999999999988,4.864208221435547
0.07,0.8200000000000001,0.10999999999999988,4.88625431060791
0.07,0.8300000000000001,0.09999999999999987,4.908093452453613
0.07000000000000002,0.8400000000000001,0.08999999999999998,4.929503440856934
0.07000000000000002,0.8500000000000001,0.07999999999999997,4.950277805328369
0.07000000000000002,0.8600000000000001,0.06999999999999997,4.970233917236328
0.07000000000000002,0.8700000000000001,0.05999999999999995,4.989223957061768
0.07000000000000002,0.8800000000000001,0.04999999999999994,5.007153034210205
0.07000000000000002,0.8900000000000001,0.03999999999999993,5.023974895477295
0.07000000000000002,0.9000000000000001,0.02999999999999992,5.039727687835693
0.07000000000000002,0.9100000000000001,0.01999999999999991,5.054543495178223
0.07000000000000002,0.9200000000000002,0.0099999999999999,5.0687055587768555
0.07,0.93,0.0,4.380685329437256
0.08,0.0,0.92,3.1383490562438965
0.08,0.01,0.91,1.305530309677124
0.08,0.02,0.9,1.3101344108581543
0.08,0.03,0.89,1.319710612297058
0.08,0.04,0.88,1.333991527557373
0.08,0.05,0.87,1.3531633615493774
0.08,0.06,0.8600000000000001,1.3776538372039795
0.08,0.07,0.8500000000000001,1.4080814123153687
0.08,0.08,0.8400000000000001,1.445241928100586
0.08,0.09,0.8300000000000001,1.4901137351989746
0.08,0.1,0.8200000000000001,1.5438566207885742
0.08,0.11,0.81,1.6078065633773804
0.08,0.12,0.8,1.6834442615509033
0.08,0.13,0.79,1.7723368406295776
0.08,0.14,0.78,1.876031517982483
0.08,0.15,0.77,1.9958906173706055
0.08,0.16,0.76,2.1328675746917725
0.08,0.17,0.75,2.287245273590088
0.08,0.18,0.74,2.4583613872528076
0.08,0.19,0.73,2.6444008350372314
0.08,0.2,0.72,2.842308759689331
0.08,0.21,0.7100000000000001,3.0478999614715576
0.08,0.22,0.7000000000000001,3.256155252456665
0.08,0.23,0.6900000000000001,3.461674928665161
0.08,0.24,0.68,3.6592154502868652
0.08,0.25,0.67,3.8441731929779053
0.08,0.26,0.66,4.0129594802856445
0.08,0.27,0.65,4.163203239440918
0.08,0.28,0.64,4.293755054473877
0.08,0.29,0.6300000000000001,4.404582500457764
0.08,0.3,0.6200000000000001,4.496525764465332
0.08,0.31,0.6100000000000001,4.571057319641113
0.08,0.32,0.6000000000000001,4.630018711090088
0.08,0.33,0.5900000000000001,4.675407886505127
0.08,0.34,0.5800000000000001,4.709217548370361
0.08,0.35000000000000003,0.5700000000000001,4.733316421508789
0.08,0.36,0.56,4.749402046203613
0.08,0.37,0.55,4.758945465087891
0.08,0.38,0.54,4.763216972351074
0.08,0.39,0.53,4.763274669647217
0.08,0.4,0.52,4.760000705718994
0.08,0.41000000000000003,0.51,4.754117965698242
0.08,0.42,0.5,4.746222496032715
0.08,0.43,0.49000000000000005,4.736800670623779
0.08,0.44,0.48000000000000004,4.726252555847168
0.08,0.45,0.47000000000000003,4.71491003036499
0.08,0.46,0.46,4.70305061340332
0.08,0.47000000000000003,0.45,4.690908908843994
0.08,0.48,0.44000000000000006,4.678686141967773
0.08,0.49,0.43000000000000005,4.666560649871826
0.08,0.5,0.42000000000000004,4.654687404632568
0.08,0.51,0.41000000000000003,4.643208980560303
0.08,0.52,0.4,4.632249355316162
0.08,0.53,0.39,4.621928691864014
0.08,0.54,0.38,4.612353801727295
0.08,0.55,0.37,4.603626251220703
0.08,0.56,0.36,4.5958356857299805
0.08,0.5700000000000001,0.35,4.589069366455078
0.08,0.58,0.3400000000000001,4.583410263061523
0.08,0.59,0.33000000000000007,4.578930377960205
0.08,0.6,0.32000000000000006,4.575699329376221
0.08,0.61,0.31000000000000005,4.5737810134887695
0.08,0.62,0.30000000000000004,4.573235511779785
0.08,0.63,0.29000000000000004,4.574114799499512
0.08,0.64,0.28,4.57647180557251
0.08,0.65,0.27,4.580345630645752
0.08,0.66,0.26,4.585776329040527
0.08,0.67,0.25,4.5927958488464355
0.08,0.68,0.24,4.601425647735596
0.08,0.6900000000000001,0.22999999999999998,4.611680030822754
0.08,0.7000000000000001,0.21999999999999997,4.623562335968018
0.08,0.71,0.21000000000000008,4.637063980102539
0.08,0.72,0.20000000000000007,4.652157306671143
0.08,0.73,0.19000000000000006,4.668797492980957
0.08,0.74,0.18000000000000005,4.686923503875732
0.08,0.75,0.17000000000000004,4.706443786621094
0.08,0.76,0.16000000000000003,4.727245330810547
0.08,0.77,0.15000000000000002,4.7491865158081055
0.08,0.78,0.14,4.772091865539551
0.08,0.79,0.13,4.79576301574707
0.08,0.8,0.12,4.819971084594727
0.08,0.81,0.10999999999999999,4.8444647789001465
