Ca,Mg,Zn,Dmax_pred
0.0,0.0,1.0,1.1998146772384644
0.0,0.01,0.99,1.2048696279525757
0.0,0.02,0.98,1.2028888463974
0.0,0.03,0.97,1.2002172470092773
0.0,0.04,0.96,1.1974860429763794
0.0,0.05,0.95,1.1949785947799683
0.0,0.06,0.94,1.1928235292434692
0.0,0.07,0.9299999999999999,1.1910715103149414
0.0,0.08,0.92,1.189733624458313
0.0,0.09,0.91,1.1888004541397095
0.0,0.1,0.9,1.1882543563842773
0.0,0.11,0.89,1.1880743503570557
0.0,0.12,0.88,1.1882401704788208
0.0,0.13,0.87,1.1887332201004028
0.0,0.14,0.86,1.1895383596420288
0.0,0.15,0.85,1.1906439065933228
0.0,0.16,0.84,1.1920413970947266
0.0,0.17,0.83,1.1937261819839478
0.0,0.18,0.8200000000000001,1.1956961154937744
0.0,0.19,0.81,1.1979528665542603
0.0,0.2,0.8,1.2005012035369873
0.0,0.21,0.79,1.2033475637435913
0.0,0.22,0.78,1.2065025568008423
0.0,0.23,0.77,1.2099775075912476
0.0,0.24,0.76,1.213786244392395
0.0,0.25,0.75,1.2179454565048218
0.0,0.26,0.74,1.2224721908569336
0.0,0.27,0.73,1.2273856401443481
0.0,0.28,0.72,1.2327051162719727
0.0,0.29,0.71,1.2384501695632935
0.0,0.3,0.7,1.2446399927139282
0.0,0.31,0.69,1.251292109489441
0.0,0.32,0.6799999999999999,1.2584221363067627
0.0,0.33,0.6699999999999999,1.2660408020019531
0.0,0.34,0.6599999999999999,1.2741539478302002
0.0,0.35000000000000003,0.6499999999999999,1.282760500907898
0.0,0.36,0.64,1.2918497323989868
0.0,0.37,0.63,1.301400065422058
0.0,0.38,0.62,1.3113768100738525
0.0,0.39,0.61,1.3217294216156006
0.0,0.4,0.6,1.3323910236358643
0.0,0.41000000000000003,0.59,1.3432762622833252
0.0,0.42,0.5800000000000001,1.3542819023132324
0.0,0.43,0.5700000000000001,1.3652877807617188
0.0,0.44,0.56,1.3761587142944336
0.0,0.45,0.55,1.386745572090149
0.0,0.46,0.54,1.3968946933746338
0.0,0.47000000000000003,0.53,1.4064480066299438
0.0,0.48,0.52,1.4152506589889526
0.0,0.49,0.51,1.423156976699829
0.0,0.5,0.5,1.4300321340560913
0.0,0.51,0.49,1.435757040977478
0.0,0.52,0.48,1.440226435661316
0.0,0.53,0.47,1.4433460235595703
0.0,0.54,0.45999999999999996,1.4450308084487915
0.0,0.55,0.44999999999999996,1.445192575454712
0.0,0.56,0.43999999999999995,1.4437355995178223
0.0,0.5700000000000001,0.42999999999999994,1.4405423402786255
0.0,0.58,0.42000000000000004,1.4354642629623413
0.0,0.59,0.41000000000000003,1.4283077716827393
0.0,0.6,0.4,1.4188275337219238
0.0,0.61,0.39,1.4067201614379883
0.0,0.62,0.38,1.3916234970092773
0.0,0.63,0.37,1.3731309175491333
0.0,0.64,0.36,1.3508210182189941
0.0,0.65,0.35,1.3243114948272705
0.0,0.66,0.33999999999999997,1.2933440208435059
0.0,0.67,0.32999999999999996,1.2578973770141602
0.0,0.68,0.31999999999999995,1.2183178663253784
0.0,0.6900000000000001,0.30999999999999994,1.1754356622695923
0.0,0.7000000000000001,0.29999999999999993,1.1306148767471313
0.0,0.71,0.29000000000000004,1.0856767892837524
0.0,0.72,0.28,1.0426706075668335
0.0,0.73,0.27,1.0035184621810913
0.0,0.74,0.26,0.9696459770202637
0.0,0.75,0.25,0.9417358636856079
0.0,0.76,0.24,0.919697105884552
0.0,0.77,0.22999999999999998,0.902839720249176
0.0,0.78,0.21999999999999997,0.8901543617248535
0.0,0.79,0.20999999999999996,0.8805844783782959
0.0,0.8,0.19999999999999996,0.87320476770401
0.0,0.81,0.18999999999999995,0.8672992587089539
0.0,0.8200000000000001,0.17999999999999994,0.8623600602149963
0.0,0.8300000000000001,0.16999999999999993,0.8580490350723267
0.0,0.84,0.16000000000000003,0.8541498184204102
0.0,0.85,0.15000000000000002,0.8505266308784485
0.0,0.86,0.14,0.8470941781997681
0.0,0.87,0.13,0.8437977433204651
0.0,0.88,0.12,0.8406011462211609
0.0,0.89,0.10999999999999999,0.8374798893928528
0.0,0.9,0.09999999999999998,0.8344177603721619
0.0,0.91,0.08999999999999997,0.8314050436019897
0.0,0.92,0.07999999999999996,0.8284375667572021
0.0,0.93,0.06999999999999995,0.8255187273025513
0.0,0.9400000000000001,0.05999999999999994,0.8226585388183594
0.0,0.9500000000000001,0.04999999999999993,0.8198750615119934
0.0,0.96,0.040000000000000036,0.8171923160552979
0.0,0.97,0.030000000000000027,0.8146345019340515
0.0,0.98,0.020000000000000018,0.8122073411941528
0.0,0.99,0.010000000000000009,0.8098514676094055
0.0,1.0,0.0,0.7957637310028076
0.01,0.0,0.99,0.968559741973877
0.01,0.01,0.98,0.9808648824691772
0.01,0.02,0.97,0.9904293417930603
0.01,0.03,0.96,0.9980823993682861
0.01,0.04,0.95,1.0044511556625366
0.01,0.05,0.94,1.009907603263855
0.010000000000000002,0.060000000000000005,0.93,1.014708399772644
0.010000000000000002,0.07000000000000002,0.92,1.0190378427505493
0.01,0.08,0.91,1.0230308771133423
0.01,0.09,0.9,1.0267888307571411
0.01,0.1,0.89,1.0303877592086792
0.01,0.11,0.88,1.0338847637176514
0.01,0.12,0.87,1.0373258590698242
0.01,0.13,0.86,1.0407459735870361
0.01,0.14,0.85,1.0441750288009644
0.01,0.15,0.84,1.0476371049880981
0.01,0.16,0.83,1.0511534214019775
0.01,0.17,0.82,1.0547431707382202
0.01,0.18,0.81,1.0584239959716797
0.01,0.19,0.8,1.0622128248214722
0.01,0.2,0.79,1.0661256313323975
0.01,0.21,0.78,1.0701793432235718
0.01,0.22,0.77,1.0743905305862427
0.01,0.23,0.76,1.0787757635116577
0.01,0.24,0.75,1.0833524465560913
0.01,0.25,0.74,1.0881379842758179
0.01,0.26,0.73,1.0931495428085327
0.01,0.27,0.72,1.0984059572219849
0.01,0.28,0.71,1.1039241552352905
0.01,0.29,0.7,1.1097211837768555
0.01,0.3,0.69,1.1158134937286377
0.01,0.31,0.6799999999999999,1.122214913368225
0.01,0.32,0.6699999999999999,1.1289377212524414
0.01,0.33,0.6599999999999999,1.1359899044036865
0.01,0.34,0.6499999999999999,1.1433765888214111
0.01,0.35000000000000003,0.6399999999999999,1.1510957479476929
0.01,0.36,0.63,1.1591402292251587
0.01,0.37,0.62,1.167493224143982
0.01,0.38,0.61,1.1761308908462524
0.01,0.39,0.6,1.1850173473358154
0.01,0.4,0.59,1.1941062211990356
0.01,0.41000000000000003,0.58,1.2033392190933228
0.01,0.42,0.5700000000000001,1.212646484375
0.01,0.43,0.56,1.2219479084014893
0.01,0.44,0.55,1.231152057647705
0.01,0.45,0.54,1.2401601076126099
0.01,0.46,0.53,1.248867392539978
0.01,0.47000000000000003,0.52,1.2571662664413452
0.01,0.48,0.51,1.2649483680725098
0.01,0.49,0.5,1.272106647491455
0.01,0.5,0.49,1.2785377502441406
0.01,0.51,0.48,1.2841427326202393
0.01,0.52,0.47,1.2888251543045044
0.01,0.53,0.45999999999999996,1.2924891710281372
0.01,0.54,0.44999999999999996,1.2950382232666016
0.01,0.55,0.43999999999999995,1.2963640689849854
0.01,0.56,0.42999999999999994,1.2963453531265259
0.01,0.5700000000000001,0.41999999999999993,1.294836163520813
0.01,0.58,0.41000000000000003,1.2916589975357056
0.01,0.59,0.4,1.2865931987762451
0.01,0.6,0.39,1.2793726921081543
0.01,0.61,0.38,1.269679069519043
0.01,0.62,0.37,1.2571455240249634
0.01,0.63,0.36,1.2413749694824219
0.01,0.64,0.35,1.2219722270965576
0.01,0.65,0.33999999999999997,1.198604941368103
0.01,0.66,0.32999999999999996,1.1710913181304932
0.01,0.67,0.31999999999999995,1.1395162343978882
0.01,0.68,0.30999999999999994,1.1043598651885986
0.01,0.6900000000000001,0.29999999999999993,1.0665956735610962
0.01,0.7000000000000001,0.2899999999999999,1.0277059078216553
0.01,0.71,0.28,0.9895592927932739
0.01,0.72,0.27,0.954125702381134
0.01,0.73,0.26,0.9230948090553284
0.01,0.74,0.25,0.8975206613540649
0.01,0.75,0.24,0.8776417970657349
0.01,0.76,0.22999999999999998,0.8629475235939026
0.01,0.77,0.21999999999999997,0.8524426817893982
0.01,0.78,0.20999999999999996,0.8449785113334656
0.01,0.79,0.19999999999999996,0.8395170569419861
0.01,0.8,0.18999999999999995,0.8352658748626709
0.01,0.81,0.17999999999999994,0.8316957950592041
0.01,0.8200000000000001,0.16999999999999993,0.8284913301467896
0.01,0.8300000000000001,0.15999999999999992,0.8254831433296204
0.01,0.84,0.15000000000000002,0.8225887417793274
0.01,0.85,0.14,0.8197721242904663
0.01,0.86,0.13,0.8170187473297119
0.01,0.87,0.12,0.8143234252929688
0.01,0.88,0.10999999999999999,0.811682403087616
0.01,0.89,0.09999999999999998,0.8090929388999939
0.01,0.9,0.08999999999999997,0.8065508008003235
0.01,0.91,0.07999999999999996,0.804051399230957
0.01,0.92,0.06999999999999995,0.8015895485877991
0.01,0.93,0.05999999999999994,0.7991594672203064
0.01,0.9400000000000001,0.04999999999999993,0.7967523336410522
0.01,0.9500000000000001,0.039999999999999925,0.7943558096885681
0.01,0.96,0.030000000000000027,0.7919449210166931
0.01,0.97,0.020000000000000018,0.7894686460494995
0.01,0.98,0.010000000000000009,0.7868101596832275
0.01,0.99,0.0,0.6095582246780396
0.02,0.0,0.98,0.9753356575965881
0.02,0.01,0.97,0.9932946562767029
0.02,0.02,0.96,1.0018234252929688
0.02,0.03,0.95,1.0085058212280273
0.02,0.04,0.94,1.0140429735183716
0.02,0.05,0.9299999999999999,1.018821358680725
0.020000000000000004,0.060000000000000005,0.92,1.023088812828064
0.020000000000000004,0.07000000000000002,0.91,1.0270099639892578
0.02,0.08,0.9,1.030700922012329
0.02,0.09,0.89,1.0342434644699097
0.02,0.1,0.88,1.0376975536346436
0.02,0.11,0.87,1.0411077737808228
0.02,0.12,0.86,1.044508934020996
0.02,0.13,0.85,1.0479286909103394
0.02,0.14,0.84,1.0513899326324463
0.02,0.15,0.83,1.0549120903015137
0.02,0.16,0.82,1.0585129261016846
0.02,0.17,0.8099999999999999,1.062209129333496
0.02,0.18,0.8,1.0660167932510376
0.02,0.19,0.79,1.0699515342712402
0.02,0.2,0.78,1.074029803276062
0.02,0.21,0.77,1.078268051147461
0.02,0.22,0.76,1.0826830863952637
0.02,0.23,0.75,1.0872931480407715
0.02,0.24,0.74,1.0921164751052856
0.02,0.25,0.73,1.0971722602844238
0.02,0.26,0.72,1.1024805307388306
0.02,0.27,0.71,1.1080611944198608
0.02,0.28,0.7,1.1139341592788696
0.02,0.29,0.69,1.1201198101043701
0.02,0.3,0.6799999999999999,1.1266369819641113
0.02,0.31,0.6699999999999999,1.1335034370422363
0.02,0.32,0.6599999999999999,1.1407341957092285
0.02,0.33,0.6499999999999999,1.1483423709869385
0.02,0.34,0.6399999999999999,1.1563358306884766
0.02,0.35000000000000003,0.6299999999999999,1.1647175550460815
0.02,0.36,0.62,1.1734834909439087
0.02,0.37,0.61,1.1826213598251343
0.02,0.38,0.6,1.192110300064087
0.02,0.39,0.59,1.201918125152588
0.02,0.4,0.58,1.2120004892349243
0.02,0.41000000000000003,0.57,1.2223018407821655
0.02,0.42,0.56,1.2327529191970825
0.02,0.43,0.55,1.2432726621627808
0.02,0.44,0.54,1.253767967224121
0.02,0.45,0.53,1.2641373872756958
0.02,0.46,0.52,1.2742713689804077
0.02,0.47000000000000003,0.51,1.2840549945831299
0.02,0.48,0.5,1.2933722734451294
0.02,0.49,0.49,1.3021082878112793
0.02,0.5,0.48,1.310147762298584
0.02,0.51,0.47,1.3173812627792358
0.02,0.52,0.45999999999999996,1.3237005472183228
0.02,0.53,0.44999999999999996,1.3289990425109863
0.02,0.54,0.43999999999999995,1.3331652879714966
0.02,0.55,0.42999999999999994,1.33608078956604
0.02,0.56,0.41999999999999993,1.3376092910766602
0.02,0.5700000000000001,0.4099999999999999,1.337587833404541
0.02,0.58,0.4,1.3358193635940552
0.02,0.59,0.39,1.3320573568344116
0.02,0.6,0.38,1.3259999752044678
0.02,0.61,0.37,1.3172779083251953
0.02,0.62,0.36,1.3054580688476562
0.02,0.63,0.35,1.2900522947311401
0.02,0.64,0.33999999999999997,1.2705512046813965
0.02,0.65,0.32999999999999996,1.2464810609817505
0.02,0.66,0.31999999999999995,1.2175047397613525
0.02,0.67,0.30999999999999994,1.1835609674453735
0.02,0.68,0.29999999999999993,1.1450260877609253
0.02,0.6900000000000001,0.2899999999999999,1.1028693914413452
0.02,0.7000000000000001,0.2799999999999999,1.0587164163589478
0.02,0.71,0.27,1.014751672744751
0.02,0.72,0.26,0.9734025597572327
0.02,0.73,0.25,0.9368647336959839
0.02,0.74,0.24,0.9066139459609985
0.02,0.75,0.22999999999999998,0.8831213712692261
0.02,0.76,0.21999999999999997,0.8658857941627502
0.02,0.77,0.20999999999999996,0.8537459969520569
0.02,0.78,0.19999999999999996,0.8453052639961243
0.02,0.79,0.18999999999999995,0.8392841815948486
0.02,0.8,0.17999999999999994,0.8347052335739136
0.02,0.81,0.16999999999999993,0.83092200756073
0.02,0.8200000000000001,0.15999999999999992,0.8275559544563293
0.02,0.8300000000000001,0.1499999999999999,0.8244092464447021
0.02,0.84,0.14,0.8213899731636047
0.02,0.85,0.13,0.8184601068496704
0.02,0.86,0.12,0.8156065344810486
0.02,0.87,0.10999999999999999,0.812824547290802
0.02,0.88,0.09999999999999998,0.8101117610931396
0.02,0.89,0.08999999999999997,0.8074653744697571
0.02,0.9,0.07999999999999996,0.8048806190490723
0.02,0.91,0.06999999999999995,0.8023524284362793
0.02,0.92,0.05999999999999994,0.7998741269111633
0.02,0.93,0.04999999999999993,0.7974376678466797
0.02,0.9400000000000001,0.039999999999999925,0.7950326800346375
0.02,0.9500000000000001,0.029999999999999916,0.7926414608955383
0.02,0.96,0.020000000000000018,0.7902301549911499
0.02,0.97,0.010000000000000009,0.7877212166786194
0.02,0.98,0.0,0.6171188354492188
0.03,0.0,0.97,0.981158971786499
0.03,0.01,0.96,1.0035080909729004
0.03,0.02,0.95,1.0110281705856323
0.03,0.03,0.94,1.016903042793274
0.03,0.04,0.9299999999999999,1.0218199491500854
0.030000000000000002,0.05000000000000001,0.92,1.0261383056640625
0.030000000000000002,0.060000000000000005,0.91,1.0300740003585815
0.030000000000000002,0.07000000000000002,0.9,1.0337666273117065
0.03,0.08,0.89,1.037309169769287
0.03,0.09,0.88,1.0407663583755493
0.03,0.1,0.87,1.0441851615905762
0.03,0.11,0.86,1.0475999116897583
0.03,0.12,0.85,1.0510379076004028
0.03,0.13,0.84,1.0545212030410767
0.03,0.14,0.83,1.0580682754516602
0.03,0.15,0.82,1.0616960525512695
0.03,0.16,0.8099999999999999,1.0654206275939941
0.03,0.17,0.7999999999999999,1.069257378578186
0.03,0.18,0.79,1.0732216835021973
0.03,0.19,0.78,1.0773292779922485
0.03,0.2,0.77,1.0815966129302979
0.03,0.21,0.76,1.0860410928726196
0.03,0.22,0.75,1.0906809568405151
0.03,0.23,0.74,1.095535159111023
0.03,0.24,0.73,1.100623607635498
0.03,0.25,0.72,1.1059677600860596
0.03,0.26,0.71,1.111588954925537
0.03,0.27,0.7,1.1175092458724976
0.03,0.28,0.69,1.1237519979476929
0.030000000000000002,0.29000000000000004,0.68,1.1303387880325317
0.030000000000000002,0.30000000000000004,0.67,1.1372915506362915
0.030000000000000002,0.31000000000000005,0.66,1.1446309089660645
0.030000000000000002,0.32000000000000006,0.65,1.152374505996704
0.030000000000000002,0.33000000000000007,0.64,1.1605381965637207
0.030000000000000002,0.3400000000000001,0.63,1.1691324710845947
0.030000000000000002,0.3500000000000001,0.62,1.1781628131866455
0.03,0.36,0.61,1.1876275539398193
0.03,0.37,0.6,1.1975175142288208
0.03,0.38,0.59,1.207812786102295
0.03,0.39,0.58,1.2184828519821167
0.03,0.4,0.57,1.2294845581054688
0.03,0.41000000000000003,0.5599999999999999,1.2407625913619995
0.03,0.42,0.55,1.2522469758987427
0.03,0.43,0.54,1.263856291770935
0.03,0.44,0.53,1.2754956483840942
0.03,0.45,0.52,1.2870607376098633
0.03,0.46,0.51,1.2984387874603271
0.03,0.47000000000000003,0.49999999999999994,1.3095107078552246
0.03,0.48,0.49,1.3201547861099243
0.03,0.49,0.48,1.330249547958374
0.03,0.5,0.47,1.3396735191345215
0.03,0.51,0.45999999999999996,1.3483083248138428
0.03,0.52,0.44999999999999996,1.3560374975204468
0.03,0.53,0.43999999999999995,1.36274254322052
0.03,0.54,0.42999999999999994,1.368302345275879
0.03,0.55,0.41999999999999993,1.3725833892822266
0.03,0.56,0.4099999999999999,1.3754322528839111
0.03,0.5700000000000001,0.3999999999999999,1.3766671419143677
0.03,0.58,0.39,1.3760634660720825
0.03,0.59,0.38,1.3733417987823486
0.03,0.6,0.37,1.3681546449661255
0.03,0.61,0.36,1.3600738048553467
0.03,0.62,0.35,1.348591685295105
0.03,0.63,0.33999999999999997,1.3331236839294434
0.03,0.64,0.32999999999999996,1.3130440711975098
0.03,0.65,0.31999999999999995,1.287751317024231
0.03,0.66,0.30999999999999994,1.2567803859710693
0.03,0.67,0.29999999999999993,1.2199690341949463
0.03,0.68,0.2899999999999999,1.17766273021698
0.03,0.6900000000000001,0.2799999999999999,1.130914330482483
0.03,0.7000000000000001,0.2699999999999999,1.081585168838501
0.03,0.71,0.26,1.0322413444519043
0.03,0.72,0.25,0.985778272151947
0.03,0.73,0.24,0.944826602935791
0.03,0.74,0.22999999999999998,0.9111437797546387
0.03,0.75,0.21999999999999997,0.8852630257606506
0.03,0.76,0.20999999999999996,0.8665462136268616
0.03,0.77,0.19999999999999996,0.8535853028297424
0.03,0.78,0.18999999999999995,0.8447274565696716
0.03,0.79,0.17999999999999994,0.8384935855865479
0.03,0.8,0.16999999999999993,0.8337841629981995
0.03,0.81,0.15999999999999992,0.8298927545547485
0.03,0.8200000000000001,0.1499999999999999,0.8264203071594238
0.03,0.8300000000000001,0.1399999999999999,0.8231670260429382
0.03,0.84,0.13,0.8200451135635376
0.03,0.85,0.12,0.8170208930969238
0.03,0.86,0.10999999999999999,0.814084529876709
0.03,0.87,0.09999999999999998,0.8112331032752991
0.03,0.88,0.08999999999999997,0.8084644079208374
0.03,0.89,0.07999999999999996,0.8057750463485718
0.03,0.9,0.06999999999999995,0.8031601905822754
0.03,0.91,0.05999999999999994,0.8006131052970886
0.03,0.92,0.04999999999999993,0.7981258034706116
0.03,0.93,0.039999999999999925,0.7956886887550354
0.03,0.9400000000000001,0.029999999999999916,0.7932873368263245
0.03,0.9500000000000001,0.019999999999999907,0.7908973097801208
0.03,0.96,0.010000000000000009,0.7884652018547058
0.03,0.97,0.0,0.6238174438476562
0.04,0.0,0.96,0.9862634539604187
0.04,0.01,0.95,1.01215660572052
0.04,0.02,0.94,1.0188027620315552
0.04,0.03,0.9299999999999999,1.0240511894226074
0.04000000000000001,0.04000000000000001,0.92,1.0285286903381348
0.04000000000000001,0.05000000000000001,0.91,1.032548427581787
0.04000000000000001,0.060000000000000005,0.9,1.0362915992736816
0.04000000000000001,0.07000000000000002,0.89,1.0398712158203125
0.04,0.08,0.88,1.043360710144043
0.04,0.09,0.87,1.0468113422393799
0.04,0.1,0.86,1.050258755683899
0.04,0.11,0.85,1.0537313222885132
0.04,0.12,0.84,1.057249903678894
0.04,0.13,0.83,1.06083345413208
0.04,0.14,0.82,1.064497470855713
0.04,0.15,0.8099999999999999,1.0682580471038818
0.04,0.16,0.7999999999999999,1.0721304416656494
0.04,0.17,0.7899999999999999,1.0761287212371826
0.04,0.18,0.78,1.080269455909729
0.04,0.19,0.77,1.084568738937378
0.04,0.2,0.76,1.089043378829956
0.04,0.21,0.75,1.093712568283081
0.04,0.22,0.74,1.0985952615737915
0.04,0.23,0.73,1.1037124395370483
0.04,0.24,0.72,1.1090853214263916
0.04,0.25,0.71,1.1147372722625732
0.04,0.26,0.7,1.120692253112793
0.04,0.27,0.69,1.1269738674163818
0.04,0.28,0.6799999999999999,1.133607268333435
0.04000000000000001,0.29000000000000004,0.67,1.1406174898147583
0.04000000000000001,0.30000000000000004,0.66,1.148027777671814
0.04000000000000001,0.31000000000000005,0.65,1.1558611392974854
0.04000000000000001,0.32000000000000006,0.64,1.1641379594802856
0.04000000000000001,0.33000000000000007,0.63,1.172875165939331
0.04000000000000001,0.3400000000000001,0.62,1.1820859909057617
0.04000000000000001,0.3500000000000001,0.61,1.191776990890503
0.04,0.36,0.6,1.2019487619400024
0.04,0.37,0.59,1.2125917673110962
0.04,0.38,0.58,1.223687767982483
0.04,0.39,0.57,1.2352055311203003
0.04,0.4,0.5599999999999999,1.2471026182174683
0.04,0.41000000000000003,0.5499999999999999,1.2593218088150024
0.04,0.42,0.54,1.2717928886413574
0.04,0.43,0.53,1.2844324111938477
0.04,0.44,0.52,1.2971434593200684
0.04,0.45,0.51,1.3098199367523193
0.04,0.46,0.49999999999999994,1.3223451375961304
0.04,0.47000000000000003,0.48999999999999994,1.334598183631897
0.04,0.48,0.48,1.3464529514312744
0.04,0.49,0.47,1.3577839136123657
0.04,0.5,0.45999999999999996,1.3684643507003784
0.04,0.51,0.44999999999999996,1.3783700466156006
0.04,0.52,0.43999999999999995,1.3873764276504517
0.04,0.53,0.42999999999999994,1.3953564167022705
0.04,0.54,0.41999999999999993,1.4021769762039185
0.04,0.55,0.4099999999999999,1.4076889753341675
0.04,0.56,0.3999999999999999,1.4117212295532227
0.04,0.5700000000000001,0.3899999999999999,1.4140665531158447
0.04,0.58,0.38,1.414467453956604
0.04,0.59,0.37,1.4126025438308716
0.04,0.6,0.36,1.4080662727355957
0.04,0.61,0.35,1.4003616571426392
0.04,0.62,0.33999999999999997,1.3888871669769287
0.04,0.63,0.32999999999999996,1.3729513883590698
0.04,0.64,0.31999999999999995,1.3518016338348389
0.04,0.65,0.30999999999999994,1.3247061967849731
0.04,0.66,0.29999999999999993,1.2910884618759155
0.04,0.67,0.2899999999999999,1.2507283687591553
0.04,0.68,0.2799999999999999,1.2040162086486816
0.04,0.6900000000000001,0.2699999999999999,1.1521984338760376
0.04,0.7000000000000001,0.2599999999999999,1.097496509552002
0.04,0.71,0.25,1.0429637432098389
0.04,0.72,0.24,0.9919982552528381
0.04,0.73,0.22999999999999998,0.9475972056388855
0.04,0.74,0.21999999999999997,0.9116387963294983
0.04,0.75,0.20999999999999996,0.8845192193984985
0.04,0.76,0.19999999999999996,0.8653002977371216
0.04,0.77,0.18999999999999995,0.8522444367408752
0.04,0.78,0.17999999999999994,0.8434432148933411
0.04,0.79,0.16999999999999993,0.837272047996521
0.04,0.8,0.15999999999999992,0.8325763940811157
0.04,0.81,0.1499999999999999,0.8286476135253906
0.04,0.8200000000000001,0.1399999999999999,0.8251045346260071
0.04,0.8300000000000001,0.1299999999999999,0.8217664361000061
0.04,0.84,0.12,0.8185592889785767
0.04,0.85,0.10999999999999999,0.8154582977294922
0.04,0.86,0.09999999999999998,0.8124565482139587
0.04,0.87,0.08999999999999997,0.809552788734436
0.04,0.88,0.07999999999999996,0.8067445755004883
0.04,0.89,0.06999999999999995,0.8040276169776917
0.04,0.9,0.05999999999999994,0.801395833492279
0.04,0.91,0.04999999999999993,0.7988411784172058
0.04,0.92,0.039999999999999925,0.7963544726371765
0.04,0.93,0.029999999999999916,0.7939229011535645
0.04,0.9400000000000001,0.019999999999999907,0.7915273904800415
0.04,0.9500000000000001,0.009999999999999898,0.789129376411438
0.04,0.96,0.0,0.6299250721931458
0.05,0.0,0.95,0.9908076524734497
0.05,0.01,0.94,1.0196596384048462
0.05,0.02,0.9299999999999999,1.0255982875823975
0.05000000000000001,0.030000000000000002,0.92,1.0303845405578613
0.05000000000000001,0.04000000000000001,0.91,1.0345656871795654
0.05000000000000001,0.05000000000000001,0.9,1.0384060144424438
0.05000000000000001,0.060000000000000005,0.89,1.04205322265625
0.05000000000000001,0.07000000000000002,0.88,1.0455973148345947
0.05,0.08,0.87,1.0490963459014893
0.05,0.09,0.86,1.052590250968933
0.05,0.1,0.85,1.056107521057129
0.05,0.11,0.84,1.0596704483032227
0.05,0.12,0.83,1.063297152519226
0.05,0.13,0.82,1.0670042037963867
0.05,0.14,0.8099999999999999,1.0708061456680298
0.05,0.15,0.7999999999999999,1.0747178792953491
0.05,0.16,0.7899999999999999,1.0787543058395386
0.05,0.17,0.7799999999999999,1.082930564880371
0.05,0.18,0.77,1.0872631072998047
0.05,0.19,0.76,1.091769814491272
0.05,0.2,0.75,1.0964683294296265
0.05,0.21,0.74,1.1013790369033813
0.05,0.22,0.73,1.1065224409103394
0.05,0.23,0.72,1.1119214296340942
0.05,0.24,0.71,1.117599368095398
0.05,0.25,0.7,1.1235811710357666
0.05,0.26,0.69,1.1298924684524536
0.05,0.27,0.6799999999999999,1.1365599632263184
0.05,0.28,0.6699999999999999,1.1436104774475098
0.05000000000000001,0.29000000000000004,0.66,1.151070237159729
0.05000000000000001,0.30000000000000004,0.65,1.1589653491973877
0.05000000000000001,0.31000000000000005,0.64,1.1673212051391602
0.05000000000000001,0.32000000000000006,0.63,1.1761587858200073
0.05000000000000001,0.33000000000000007,0.62,1.1854978799819946
0.05000000000000001,0.3400000000000001,0.61,1.1953511238098145
0.05000000000000001,0.3500000000000001,0.6,1.2057275772094727
0.05,0.36,0.59,1.2166268825531006
0.05,0.37,0.58,1.2280404567718506
0.05,0.38,0.57,1.239949107170105
0.05,0.39,0.5599999999999999,1.2523211240768433
0.05,0.4,0.5499999999999999,1.2651118040084839
0.05,0.41000000000000003,0.5399999999999999,1.2782634496688843
0.05,0.42,0.53,1.2917035818099976
0.05,0.43,0.52,1.3053456544876099
0.05,0.44,0.51,1.319092035293579
0.05,0.45,0.49999999999999994,1.3328335285186768
0.05,0.46,0.48999999999999994,1.3464518785476685
0.05,0.47000000000000003,0.4799999999999999,1.359823226928711
0.05,0.48,0.47,1.3728193044662476
0.05,0.49,0.45999999999999996,1.3853120803833008
0.05,0.5,0.44999999999999996,1.397171139717102
0.05,0.51,0.43999999999999995,1.4082672595977783
0.05,0.52,0.42999999999999994,1.4184694290161133
0.05,0.53,0.41999999999999993,1.4276424646377563
0.05,0.54,0.4099999999999999,1.43563973903656
0.05,0.55,0.3999999999999999,1.4422972202301025
0.05,0.56,0.3899999999999999,1.447419285774231
0.05,0.5700000000000001,0.3799999999999999,1.4507697820663452
0.05,0.58,0.37,1.4520506858825684
0.05,0.59,0.36,1.4508856534957886
0.05,0.6,0.35,1.446800947189331
0.05,0.61,0.33999999999999997,1.4392094612121582
0.05,0.62,0.32999999999999996,1.4274013042449951
0.05,0.63,0.31999999999999995,1.410553216934204
0.05,0.64,0.30999999999999994,1.3877722024917603
0.05,0.65,0.29999999999999993,1.3581918478012085
0.05,0.66,0.2899999999999999,1.321141242980957
0.05,0.67,0.2799999999999999,1.2763954401016235
0.05,0.68,0.2699999999999999,1.2244889736175537
0.05,0.6900000000000001,0.2599999999999999,1.1670023202896118
0.05,0.7000000000000001,0.2499999999999999,1.1066772937774658
0.05,0.71,0.24,1.0471720695495605
0.05,0.72,0.22999999999999998,0.9924032092094421
0.05,0.73,0.21999999999999997,0.9456193447113037
0.05,0.74,0.20999999999999996,0.908604085445404
0.05,0.75,0.19999999999999996,0.8813872337341309
0.05,0.76,0.18999999999999995,0.8625704050064087
0.05,0.77,0.17999999999999994,0.8500360250473022
0.05,0.78,0.16999999999999993,0.841655969619751
0.05,0.79,0.15999999999999992,0.8357363939285278
0.05,0.8,0.1499999999999999,0.8311417698860168
0.05,0.81,0.1399999999999999,0.8272145986557007
0.05,0.8200000000000001,0.1299999999999999,0.8236210346221924
0.05,0.8300000000000001,0.11999999999999988,0.8202139139175415
0.05,0.84,0.10999999999999999,0.8169381618499756
0.05,0.85,0.09999999999999998,0.81377774477005
0.05,0.86,0.08999999999999997,0.8107292056083679
0.05,0.87,0.07999999999999996,0.8077911138534546
0.05,0.88,0.06999999999999995,0.804960310459137
0.05,0.89,0.05999999999999994,0.8022311329841614
0.05,0.9,0.04999999999999993,0.7995960116386414
0.05,0.91,0.039999999999999925,0.797045886516571
0.05,0.92,0.029999999999999916,0.7945692539215088
0.05,0.93,0.019999999999999907,0.7921494841575623
0.05,0.9400000000000001,0.009999999999999898,0.7897580862045288
0.05,0.9500000000000001,0.0,0.6355891227722168
0.06,0.0,0.94,0.994918167591095
0.060000000000000005,0.010000000000000002,0.93,1.0263233184814453
0.060000000000000005,0.020000000000000004,0.92,1.031714677810669
0.060000000000000005,0.030000000000000002,0.91,1.0361748933792114
0.060000000000000005,0.04000000000000001,0.9,1.0401698350906372
0.060000000000000005,0.05000000000000001,0.89,1.0439174175262451
0.060000000000000005,0.060000000000000005,0.88,1.0475366115570068
0.060000000000000005,0.07000000000000002,0.87,1.051098108291626
0.06,0.08,0.86,1.0546483993530273
0.06,0.09,0.85,1.0582185983657837
0.06,0.1,0.84,1.0618319511413574
0.06,0.11,0.83,1.0655076503753662
0.06,0.12,0.82,1.069261074066162
0.06,0.13,0.8099999999999999,1.0731079578399658
0.06,0.14,0.7999999999999999,1.0770621299743652
0.060000000000000005,0.15000000000000002,0.79,1.0811384916305542
0.060000000000000005,0.16000000000000003,0.78,1.0853527784347534
0.060000000000000005,0.17000000000000004,0.77,1.0897204875946045
0.06,0.18,0.76,1.09425950050354
0.06,0.19,0.75,1.0989879369735718
0.06,0.2,0.74,1.1039260625839233
0.06,0.21,0.73,1.1090952157974243
0.06,0.22,0.72,1.114518165588379
0.06,0.23,0.71,1.1202192306518555
0.06,0.24,0.7,1.1262238025665283
0.06,0.25,0.69,1.132558822631836
0.06,0.26,0.6799999999999999,1.1392525434494019
0.06,0.27,0.6699999999999999,1.1463325023651123
0.06,0.28,0.6599999999999999,1.1538283824920654
0.060000000000000005,0.29000000000000004,0.65,1.1617681980133057
0.060000000000000005,0.30000000000000004,0.64,1.170180320739746
0.060000000000000005,0.31000000000000005,0.63,1.1790906190872192
0.060000000000000005,0.32000000000000006,0.62,1.188522219657898
0.060000000000000005,0.33000000000000007,0.61,1.1984952688217163
0.060000000000000005,0.3400000000000001,0.6,1.2090238332748413
0.060000000000000005,0.3500000000000001,0.59,1.2201159000396729
0.06,0.36,0.58,1.2317720651626587
0.06,0.37,0.57,1.2439820766448975
0.06,0.38,0.5599999999999999,1.2567249536514282
0.06,0.39,0.5499999999999999,1.269967794418335
0.06,0.4,0.5399999999999999,1.2836639881134033
0.06,0.41000000000000003,0.5299999999999999,1.297753095626831
0.06,0.42,0.52,1.312159538269043
0.06,0.43,0.51,1.3267955780029297
0.06,0.44,0.49999999999999994,1.3415603637695312
0.06,0.45,0.48999999999999994,1.3563435077667236
0.06,0.46,0.4799999999999999,1.3710248470306396
0.06,0.47000000000000003,0.4699999999999999,1.3854790925979614
0.06,0.48,0.45999999999999996,1.3995773792266846
0.06,0.49,0.44999999999999996,1.4131888151168823
0.06,0.5,0.43999999999999995,1.4261810779571533
0.06,0.51,0.42999999999999994,1.4384212493896484
0.06,0.52,0.41999999999999993,1.4497729539871216
0.06,0.53,0.4099999999999999,1.4600905179977417
0.06,0.54,0.3999999999999999,1.4692147970199585
0.06,0.55,0.3899999999999999,1.4769619703292847
0.06,0.56,0.3799999999999999,1.4831103086471558
0.06,0.5700000000000001,0.3699999999999999,1.48738431930542
0.060000000000000005,0.5800000000000001,0.36000000000000004,1.489437222480774
0.060000000000000005,0.5900000000000001,0.35000000000000003,1.4888248443603516
0.060000000000000005,0.6000000000000001,0.34,1.4849860668182373
0.060000000000000005,0.6100000000000001,0.33,1.4772233963012695
0.060000000000000005,0.6200000000000001,0.32,1.4646903276443481
0.060000000000000005,0.6300000000000001,0.31,1.4464099407196045
0.060000000000000005,0.6400000000000001,0.3,1.4213300943374634
0.060000000000000005,0.6500000000000001,0.29,1.3884462118148804
0.060000000000000005,0.6600000000000001,0.27999999999999997,1.3470220565795898
0.060000000000000005,0.6700000000000002,0.26999999999999996,1.2969069480895996
0.060000000000000005,0.6800000000000002,0.25999999999999995,1.2389150857925415
0.060000000000000005,0.6900000000000002,0.24999999999999992,1.1751489639282227
0.060000000000000005,0.7000000000000002,0.2399999999999999,1.1090514659881592
0.06,0.71,0.22999999999999998,1.0449936389923096
0.06,0.72,0.21999999999999997,0.9873642921447754
0.06,0.73,0.20999999999999996,0.9394615292549133
0.06,0.74,0.19999999999999996,0.9026909470558167
0.06,0.75,0.18999999999999995,0.8764744400978088
0.06,0.76,0.17999999999999994,0.8588359355926514
0.06,0.77,0.16999999999999993,0.847284734249115
0.06,0.78,0.15999999999999992,0.8395576477050781
0.06,0.79,0.1499999999999999,0.8339858055114746
0.06,0.8,0.1399999999999999,0.8295260071754456
0.06,0.81,0.1299999999999999,0.8256130814552307
0.06,0.8200000000000001,0.11999999999999988,0.8219797015190125
0.06,0.8300000000000001,0.10999999999999988,0.8185173273086548
0.060000000000000005,0.8400000000000001,0.09999999999999999,0.8151901364326477
0.060000000000000005,0.8500000000000001,0.08999999999999998,0.8119893074035645
0.060000000000000005,0.8600000000000001,0.07999999999999997,0.808912992477417
0.060000000000000005,0.8700000000000001,0.06999999999999997,0.8059591054916382
0.060000000000000005,0.8800000000000001,0.05999999999999995,0.8031226992607117
0.060000000000000005,0.8900000000000001,0.04999999999999994,0.8003968000411987
0.060000000000000005,0.9000000000000001,0.03999999999999993,0.7977722883224487
0.060000000000000005,0.9100000000000001,0.02999999999999992,0.7952382564544678
0.060000000000000005,0.9200000000000002,0.01999999999999991,0.7927805185317993
0.060000000000000005,0.9300000000000002,0.0099999999999999,0.7903762459754944
0.06,0.9400000000000001,0.0,0.6409099102020264
0.07,0.0,0.9299999999999999,0.9986976385116577
0.07000000000000002,0.010000000000000002,0.92,1.0323747396469116
0.07000000000000002,0.020000000000000004,0.91,1.0373588800430298
0.07000000000000002,0.030000000000000002,0.9,1.0416020154953003
0.07000000000000002,0.04000000000000001,0.89,1.0454933643341064
0.07000000000000002,0.05000000000000001,0.88,1.049210786819458
0.07000000000000002,0.060000000000000005,0.87,1.0528491735458374
0.07000000000000002,0.07000000000000002,0.86,1.0564647912979126
0.07,0.08,0.85,1.0600943565368652
0.07,0.09,0.84,1.0637632608413696
0.07,0.1,0.83,1.0674912929534912
0.07,0.11,0.82,1.0712947845458984
0.07,0.12,0.8099999999999999,1.0751888751983643
0.07,0.13,0.7999999999999999,1.0791876316070557
0.07,0.14,0.7899999999999999,1.0833059549331665
0.07000000000000002,0.15000000000000002,0.78,1.0875587463378906
0.07000000000000002,0.16000000000000003,0.77,1.0919626951217651
0.07000000000000002,0.17000000000000004,0.76,1.0965346097946167
0.07,0.18,0.75,1.1012933254241943
0.07,0.19,0.74,1.106258749961853
0.07,0.2,0.73,1.1114529371261597
0.07,0.21,0.72,1.1168984174728394
0.07,0.22,0.71,1.1226204633712769
0.07,0.23,0.7,1.1286450624465942
0.07,0.24,0.69,1.1349998712539673
0.07,0.25,0.6799999999999999,1.1417138576507568
0.07,0.26,0.6699999999999999,1.1488165855407715
0.07,0.27,0.6599999999999999,1.1563389301300049
0.07,0.28,0.6499999999999999,1.1643112897872925
0.07000000000000002,0.29000000000000004,0.64,1.172764539718628
0.07000000000000002,0.30000000000000004,0.63,1.181727647781372
0.07000000000000002,0.31000000000000005,0.62,1.191227912902832
0.07000000000000002,0.32000000000000006,0.61,1.2012900114059448
0.07000000000000002,0.33000000000000007,0.6,1.2119336128234863
0.07000000000000002,0.3400000000000001,0.59,1.2231733798980713
0.07000000000000002,0.3500000000000001,0.58,1.2350164651870728
0.07,0.36,0.57,1.2474623918533325
0.07,0.37,0.5599999999999999,1.2604987621307373
0.07,0.38,0.5499999999999999,1.2741029262542725
0.07,0.39,0.5399999999999999,1.2882399559020996
0.07,0.4,0.5299999999999999,1.3028597831726074
0.07,0.41000000000000003,0.5199999999999999,1.3178982734680176
0.07,0.42,0.51,1.3332785367965698
0.07,0.43,0.49999999999999994,1.3489097356796265
0.07,0.44,0.48999999999999994,1.3646893501281738
0.07,0.45,0.4799999999999999,1.3805049657821655
0.07,0.46,0.4699999999999999,1.3962358236312866
0.07,0.47000000000000003,0.4599999999999999,1.4117562770843506
0.07,0.48,0.44999999999999996,1.4269367456436157
0.07,0.49,0.43999999999999995,1.4416464567184448
0.07,0.5,0.42999999999999994,1.4557512998580933
0.07,0.51,0.41999999999999993,1.4691152572631836
0.07,0.52,0.4099999999999999,1.4815951585769653
0.07,0.53,0.3999999999999999,1.4930363893508911
0.07,0.54,0.3899999999999999,1.503263235092163
0.07,0.55,0.3799999999999999,1.5120700597763062
0.07,0.56,0.3699999999999999,1.5191999673843384
0.07,0.5700000000000001,0.3599999999999999,1.524332880973816
0.07000000000000002,0.5800000000000001,0.35000000000000003,1.5270568132400513
0.07000000000000002,0.5900000000000001,0.34,1.5268436670303345
0.07000000000000002,0.6000000000000001,0.33,1.5230220556259155
0.07000000000000002,0.6100000000000001,0.32,1.5147556066513062
0.07000000000000002,0.6200000000000001,0.31,1.501031756401062
0.07000000000000002,0.6300000000000001,0.3,1.4806897640228271
0.07000000000000002,0.6400000000000001,0.29,1.452497959136963
0.07000000000000002,0.6500000000000001,0.27999999999999997,1.4153211116790771
0.07000000000000002,0.6600000000000001,0.26999999999999996,1.3684108257293701
0.07000000000000002,0.6700000000000002,0.25999999999999995,1.311809778213501
0.07000000000000002,0.6800000000000002,0.24999999999999992,1.2468067407608032
0.07000000000000002,0.6900000000000002,0.2399999999999999,1.176255226135254
0.07000000000000002,0.7000000000000002,0.2299999999999999,1.1044960021972656
0.07,0.71,0.21999999999999997,1.0366601943969727
0.07,0.72,0.20999999999999996,0.9774522185325623
0.07,0.73,0.19999999999999996,0.9299007654190063
0.07,0.74,0.18999999999999995,0.8947017192840576
0.07,0.75,0.17999999999999994,0.8704572916030884
0.07,0.76,0.16999999999999993,0.8545756936073303
0.07,0.77,0.15999999999999992,0.8442813158035278
0.07,0.78,0.1499999999999999,0.8372994065284729
0.07,0.79,0.1399999999999999,0.8320891261100769
0.07,0.8,0.1299999999999999,0.827757716178894
0.07,0.81,0.11999999999999988,0.8238565325737
0.07,0.8200000000000001,0.10999999999999988,0.8201902508735657
0.07,0.8300000000000001,0.09999999999999987,0.8166874051094055
0.07000000000000002,0.8400000000000001,0.08999999999999998,0.8133276700973511
0.07000000000000002,0.8500000000000001,0.07999999999999997,0.810106635093689
0.07000000000000002,0.8600000000000001,0.06999999999999997,0.8070224523544312
0.07000000000000002,0.8700000000000001,0.05999999999999995,0.8040711283683777
0.07000000000000002,0.8800000000000001,0.04999999999999994,0.801245927810669
0.07000000000000002,0.8900000000000001,0.03999999999999993,0.7985382676124573
0.07000000000000002,0.9000000000000001,0.02999999999999992,0.7959374189376831
0.07000000000000002,0.9100000000000001,0.01999999999999991,0.7934305667877197
0.07000000000000002,0.9200000000000002,0.0099999999999999,0.7909994125366211
0.07,0.93,0.0,0.6459640264511108
0.08,0.0,0.92,1.0022281408309937
0.08,0.01,0.91,1.037983775138855
0.08,0.02,0.9,1.0426769256591797
0.08,0.03,0.89,1.0467867851257324
0.08,0.04,0.88,1.050635814666748
0.08,0.05,0.87,1.054368257522583
0.08,0.06,0.8600000000000001,1.0580593347549438
0.08,0.07,0.8500000000000001,1.0617544651031494
0.08,0.08,0.8400000000000001,1.0654829740524292
0.08,0.09,0.8300000000000001,1.069266676902771
0.08,0.1,0.8200000000000001,1.073122262954712
0.08,0.11,0.81,1.0770652294158936
0.08,0.12,0.8,1.0811100006103516
0.08,0.13,0.79,1.085270881652832
0.08,0.14,0.78,1.0895634889602661
0.08,0.15,0.77,1.0940035581588745
0.08,0.16,0.76,1.0986086130142212
0.08,0.17,0.75,1.1033976078033447
0.08,0.18,0.74,1.1083900928497314
0.08,0.19,0.73,1.1136077642440796
0.08,0.2,0.72,1.1190751791000366
0.08,0.21,0.7100000000000001,1.1248164176940918
0.08,0.22,0.7000000000000001,1.1308587789535522
0.08,0.23,0.6900000000000001,1.1372300386428833
0.08,0.24,0.68,1.1439603567123413
0.08,0.25,0.67,1.1510802507400513
0.08,0.26,0.66,1.158622145652771
0.08,0.27,0.65,1.1666181087493896
0.08,0.28,0.64,1.1751012802124023
0.08,0.29,0.6300000000000001,1.1841025352478027
0.08,0.3,0.6200000000000001,1.1936533451080322
0.08,0.31,0.6100000000000001,1.2037817239761353
0.08,0.32,0.6000000000000001,1.2145124673843384
0.08,0.33,0.5900000000000001,1.225865364074707
0.08,0.34,0.5800000000000001,1.2378544807434082
0.08,0.35000000000000003,0.5700000000000001,1.2504857778549194
0.08,0.36,0.56,1.263756513595581
0.08,0.37,0.55,1.277652382850647
0.08,0.38,0.54,1.2921485900878906
0.08,0.39,0.53,1.307205080986023
0.08,0.4,0.52,1.3227697610855103
0.08,0.41000000000000003,0.51,1.338775634765625
0.08,0.42,0.5,1.3551414012908936
0.08,0.43,0.49000000000000005,1.37177574634552
0.08,0.44,0.48000000000000004,1.388573408126831
0.08,0.45,0.47000000000000003,1.4054217338562012
0.08,0.46,0.46,1.4221997261047363
0.08,0.47000000000000003,0.45,1.4387831687927246
0.08,0.48,0.44000000000000006,1.4550423622131348
0.08,0.49,0.43000000000000005,1.4708473682403564
0.08,0.5,0.42000000000000004,1.4860634803771973
0.08,0.51,0.41000000000000003,1.500551700592041
0.08,0.52,0.4,1.5141621828079224
0.08,0.53,0.39,1.5267291069030762
0.08,0.54,0.38,1.5380572080612183
0.08,0.55,0.37,1.5479124784469604
0.08,0.56,0.36,1.5559968948364258
0.08,0.5700000000000001,0.35,1.5619306564331055
0.08,0.58,0.3400000000000001,1.5652220249176025
0.08,0.59,0.33000000000000007,1.5652353763580322
0.08,0.6,0.32000000000000006,1.5611592531204224
0.08,0.61,0.31000000000000005,1.551984190940857
0.08,0.62,0.30000000000000004,1.5364938974380493
0.08,0.63,0.29000000000000004,1.5133109092712402
0.08,0.64,0.28,1.4810075759887695
0.08,0.65,0.27,1.4383454322814941
0.08,0.66,0.26,1.3846575021743774
0.08,0.67,0.25,1.3203637599945068
0.08,0.68,0.24,1.247485876083374
0.08,0.6900000000000001,0.22999999999999998,1.1699081659317017
0.08,0.7000000000000001,0.21999999999999997,1.0930289030075073
0.08,0.71,0.21000000000000008,1.022667407989502
0.08,0.72,0.20000000000000007,0.9635236263275146
